946
120 91
120 92
121 93
122 94
123 95
124 96
125 97
126 98
127 99
128 100
129 101
130 102
131 103
132 104
133 105
134 106
135 107
136 108
137 108
138 108
139 108
140 108
141 108
142 108
143 108
144 108
145 108
146 108
147 108
148 108
149 108
150 108
151 108
152 108
153 108
154 108
155 108
156 108
157 108
158 107
136 109
136 110
136 111
136 112
136 113
136 114
136 115
136 116
136 117
136 118
136 119
135 120
134 121
133 122
132 123
131 124
130 125
129 126
128 127
127 128
126 129
125 130
124 131
123 132
122 133
121 134
120 135
119 136
118 137
117 138
116 139
115 140
114 141
113 142
112 143
123 133
124 134
125 135
126 136
127 137
128 138
129 139
130 140
131 141
132 142
133 143
123 130
122 129
121 128
120 127
119 126
118 125
117 124
116 123
115 122
134 123
135 124
136 125
137 126
138 127
139 128
140 129
141 130
142 131
143 132
144 133
145 134
146 135
147 136
148 137
149 138
150 139
151 140
152 141
153 142
154 143
147 134
148 133
149 132
150 131
151 130
152 129
153 128
154 127
155 126
156 125
157 124
158 123
119 90
120 89
120 88
120 87
121 86
122 85
123 84
124 83
125 82
126 81
127 80
128 79
129 78
130 77
131 76
132 75
133 74
134 73
135 72
136 71
137 71
138 71
139 71
140 71
141 71
142 71
143 70
144 69
145 68
146 67
147 66
148 65
149 64
150 63
151 62
152 61
153 60
154 59
155 58
156 57
157 56
156 55
155 54
154 53
153 52
152 51
151 50
150 49
149 48
148 47
147 46
146 45
145 44
144 43
143 42
142 41
141 40
140 39
139 38
138 37
137 36
136 35
135 34
134 34
133 34
132 34
131 34
130 34
129 34
128 34
127 34
126 34
125 34
124 34
123 34
122 34
121 34
120 34
119 34
118 34
117 34
116 34
115 34
114 34
113 34
112 34
111 34
110 34
109 34
108 34
107 34
106 34
105 34
104 34
103 34
102 34
101 34
100 34
99 34
98 34
97 34
96 34
95 34
94 34
93 34
92 34
91 34
90 34
89 34
88 34
87 34
86 34
85 34
84 34
83 34
82 34
81 34
80 34
79 34
78 34
77 34
76 34
75 34
74 34
73 34
72 34
92 35
91 36
90 37
89 38
88 39
87 40
86 41
85 42
84 43
83 44
82 45
81 46
80 47
79 48
78 49
77 50
76 51
75 52
74 53
73 54
72 55
71 56
70 56
69 56
68 56
67 56
66 56
65 56
64 56
63 56
62 56
61 56
60 56
59 56
58 56
57 56
56 56
55 56
54 55
53 54
52 53
51 52
50 51
49 50
48 49
47 49
46 49
45 50
44 51
43 52
42 53
41 54
40 55
39 56
38 57
37 58
36 59
35 60
34 61
33 62
33 63
33 64
33 65
32 66
31 67
30 68
29 69
28 70
37 56
36 55
35 54
34 53
33 52
32 51
45 48
44 47
48 48
48 47
48 46
48 45
48 44
48 43
48 42
49 41
50 40
51 39
52 38
53 37
54 36
55 35
55 34
55 57
55 58
55 59
54 60
53 61
52 62
51 63
50 64
49 65
48 66
71 57
71 58
71 59
71 60
71 61
71 62
71 63
71 64
71 65
71 66
71 67
71 68
71 69
71 70
71 71
72 71
82 46
83 47
84 48
85 49
86 50
87 51
88 52
89 53
90 54
91 55
92 56
92 57
92 58
92 59
92 60
92 61
92 62
92 63
92 64
92 65
92 66
92 67
92 68
92 69
92 70
93 71
93 55
115 35
115 36
115 37
115 38
115 39
115 40
115 41
115 42
115 43
115 44
115 45
114 46
113 47
112 48
143 43
142 44
141 45
140 46
139 47
138 48
137 49
136 50
146 44
147 43
148 42
149 41
150 40
151 39
152 38
153 37
154 36
155 35
156 34
158 56
159 56
160 56
161 56
162 56
163 56
164 56
165 56
166 56
167 56
168 56
169 56
170 56
171 56
172 55
173 54
174 53
175 52
176 51
177 50
178 49
179 48
180 47
181 46
182 46
183 46
184 46
185 46
186 46
187 46
188 46
189 46
190 46
191 46
192 46
193 46
194 46
195 46
196 46
197 46
198 46
199 47
200 48
201 49
202 50
203 51
204 52
204 53
204 54
204 55
204 56
204 57
204 58
204 59
204 60
204 61
204 62
204 63
204 64
204 65
204 66
204 67
204 68
204 69
204 70
204 71
204 72
204 73
204 74
204 75
204 76
204 77
204 78
204 79
204 80
204 81
204 82
204 83
204 84
204 85
204 86
204 87
204 88
204 89
204 90
204 91
204 92
204 93
204 94
204 95
204 96
204 97
204 98
204 99
204 100
204 101
204 102
204 103
204 104
204 105
204 106
204 107
204 108
204 109
204 110
204 111
204 112
204 113
204 114
204 115
204 116
204 117
204 118
204 119
204 120
204 121
204 122
204 123
204 124
204 125
203 126
202 127
205 125
205 104
205 93
205 72
205 51
181 45
181 44
181 43
181 42
181 41
181 40
181 39
181 38
180 37
179 36
178 35
177 34
182 37
171 57
172 58
173 59
174 60
175 61
176 62
177 63
178 64
179 65
180 66
181 67
181 68
181 69
181 70
181 71
181 72
181 73
181 74
181 75
181 76
181 77
181 78
181 79
181 80
181 81
181 82
181 83
181 84
181 85
181 86
181 87
181 88
181 89
181 90
181 91
181 92
181 93
181 94
181 95
181 96
181 97
181 98
181 99
181 100
181 101
181 102
181 103
181 104
181 105
181 106
181 107
181 108
181 109
181 110
181 111
181 112
181 113
181 114
181 115
181 116
181 117
181 118
181 119
181 120
181 121
181 122
181 123
181 124
181 125
181 126
181 127
181 128
181 129
181 130
181 131
181 132
181 133
181 134
181 135
181 136
181 137
180 138
179 139
178 140
177 141
176 142
175 143
182 137
183 137
184 137
185 137
186 136
187 135
188 134
151 64
152 65
153 66
154 67
155 68
156 69
157 70
158 71
142 72
142 73
142 74
143 75
144 76
145 77
146 78
147 79
148 80
149 81
150 82
151 83
152 84
153 85
154 86
155 86
156 86
157 86
158 86
159 86
160 86
126 79
125 78
124 77
123 76
122 75
121 74
120 73
119 72
118 71
117 70
116 69
128 81
129 82
130 83
131 84
132 85
133 86
118 90
117 90
116 90
115 90
114 90
113 90
112 90
111 90
110 91
109 92
108 93
107 94
106 95
105 96
104 97
103 98
102 99
101 100
100 101
99 102
98 103
97 104
96 105
95 106
94 107
93 108
92 108
91 108
90 108
89 108
88 108
87 108
86 108
85 108
84 108
83 108
82 108
81 108
80 108
79 108
78 108
77 108
76 108
75 108
74 108
73 108
72 108
71 107
70 106
69 105
68 104
67 103
66 102
65 101
64 100
63 99
62 98
61 97
60 96
59 95
58 94
57 93
56 92
55 91
54 90
53 89
52 88
51 87
65 99
66 98
67 97
68 96
69 95
70 94
71 93
72 92
69 107
68 108
67 109
66 110
65 111
64 112
63 113
62 114
61 115
60 116
59 117
58 118
57 119
56 120
55 121
54 122
53 123
52 124
51 125
50 126
49 127
48 128
47 127
46 126
45 125
44 124
43 123
42 122
41 121
40 120
39 119
38 118
37 117
36 116
35 115
34 114
33 113
38 120
37 121
36 122
35 123
34 124
33 125
32 126
47 129
46 130
52 126
53 127
54 128
55 129
56 130
57 131
58 132
59 133
60 134
61 135
62 136
63 137
64 138
65 139
66 140
67 141
68 142
69 143
70 143
71 143
72 143
73 143
74 143
75 143
76 143
77 143
78 143
79 143
80 143
81 143
82 143
83 143
84 143
85 143
86 143
87 143
88 143
89 143
90 143
89 142
89 141
89 140
89 139
89 138
89 137
89 136
89 135
89 134
89 133
89 132
90 131
91 130
92 129
93 128
91 143
60 136
59 137
58 138
57 139
56 140
55 141
55 142
55 143
58 116
57 115
56 114
55 113
54 112
53 111
52 110
51 109
50 108
49 107
48 106
47 105
46 104
45 103
44 102
43 101
42 100
41 99
40 98
39 97
38 96
37 95
36 94
35 93
34 92
33 91
32 92
63 115
64 116
65 117
66 118
67 119
68 120
69 121
70 122
71 123
99 100
98 99
97 98
96 97
95 96
94 95
93 94
92 93
107 96
108 97
109 98
110 99
111 100
112 101
85
136 108
136 71
157 56
157 108
135 34
156 34
114 34
93 34
72 34
71 56
92 56
181 46
181 67
181 88
181 109
181 130
204 52
204 73
204 94
204 115
93 108
72 108
112 143
51 87
48 128
48 49
112 90
133 143
69 143
90 143
154 143
50 108
115 122
116 69
33 62
33 113
33 91
158 71
71 123
158 123
93 71
136 125
136 50
92 129
71 71
48 66
175 143
133 86
72 92
154 86
92 93
177 34
112 48
202 127
32 126
112 101
55 35
32 51
28 70
55 141
160 86
194 46
205 125
186 136
205 51
205 72
205 93
91 143
32 92
66 102
137 71
137 126
158 56
72 71
93 55
93 128
158 107
205 104
44 47
46 130
55 143
55 34
182 37
188 134
48 42
