940
120 91
121 92
122 93
123 94
124 95
125 96
126 97
127 98
128 99
129 100
130 101
131 102
132 103
133 104
134 105
135 106
136 107
137 107
138 107
139 107
140 107
141 108
142 109
143 110
144 111
145 112
146 113
147 114
148 115
149 116
150 117
151 118
152 119
153 120
154 121
155 122
156 123
156 124
156 125
156 126
156 127
157 128
158 129
159 130
160 131
161 132
162 133
163 134
164 135
165 136
166 137
167 138
168 139
169 140
170 141
171 142
172 143
173 142
167 137
168 136
169 135
170 134
171 133
172 132
173 131
174 130
175 129
176 128
177 127
178 126
179 125
180 124
181 123
181 122
181 121
181 120
181 119
181 118
181 117
181 116
181 115
181 114
181 113
181 112
181 111
181 110
181 109
181 108
181 107
181 106
181 105
181 104
181 103
181 102
181 101
181 100
181 99
181 98
181 97
181 96
181 95
181 94
181 93
181 92
181 91
181 90
181 89
181 88
181 87
181 86
181 85
181 84
181 83
181 82
181 81
181 80
181 79
181 78
181 77
181 76
181 75
181 74
181 73
181 72
181 71
181 70
181 69
181 68
181 67
181 66
181 65
181 64
181 63
181 62
181 61
181 60
181 59
181 58
181 57
181 56
181 55
181 54
181 53
181 52
181 51
181 50
181 49
181 48
181 47
181 46
181 45
181 44
181 43
180 44
179 44
178 44
177 44
176 44
175 44
174 44
173 44
172 44
171 44
170 43
169 42
168 41
167 40
166 39
165 38
164 37
163 36
162 35
161 34
160 34
159 34
158 34
157 34
156 34
155 34
154 34
153 34
152 34
151 34
150 34
149 34
148 34
147 34
146 34
145 34
144 34
143 34
142 34
141 34
140 34
139 34
138 34
137 34
136 34
135 34
134 34
133 34
132 34
131 34
130 34
129 34
128 34
127 34
126 34
125 34
124 34
123 34
122 34
121 34
120 34
119 34
118 34
117 34
116 34
115 34
114 34
113 34
112 34
111 34
110 34
109 34
108 34
107 34
106 34
105 34
104 34
103 34
102 34
101 34
100 34
99 34
98 34
97 34
96 34
95 34
94 34
93 34
92 34
91 34
90 34
89 34
88 34
87 34
86 34
85 34
84 34
83 34
82 34
81 34
82 35
82 36
82 37
82 38
82 39
82 40
82 41
82 42
82 43
81 44
80 45
79 46
78 47
77 48
76 49
75 50
74 51
73 52
72 53
71 54
73 53
74 54
75 55
76 56
77 57
78 58
79 59
80 60
81 61
82 62
83 63
84 64
85 65
86 66
87 67
88 68
89 69
90 70
91 71
91 72
91 73
91 74
91 75
91 76
91 77
91 78
91 79
91 80
91 81
91 82
91 83
91 84
92 85
93 86
92 71
93 71
85 64
86 63
87 62
88 61
89 60
90 59
91 58
92 57
93 56
80 62
79 63
78 64
77 65
76 66
75 67
74 68
73 69
72 70
71 71
75 49
74 48
73 47
72 46
71 45
70 44
69 43
68 42
67 41
66 40
65 39
64 38
63 37
62 36
61 35
60 34
59 34
65 41
64 42
63 43
62 44
61 45
60 46
59 47
58 48
57 49
56 50
55 51
54 52
53 53
52 54
51 55
50 55
49 55
48 55
47 55
46 55
45 55
44 55
43 55
42 55
41 55
40 55
39 55
38 55
37 55
36 54
35 53
34 52
33 51
34 50
35 49
37 56
37 57
37 58
37 59
37 60
37 61
37 62
37 63
37 64
37 65
37 66
36 67
35 68
34 69
33 70
32 71
31 72
38 66
39 66
40 66
41 66
42 66
43 66
44 66
45 66
46 66
47 66
48 67
53 51
52 50
51 49
50 48
49 47
48 46
47 45
121 35
120 36
119 37
118 38
117 39
116 40
115 41
114 42
113 43
112 44
169 43
168 44
167 45
166 46
165 47
164 48
163 49
162 50
161 51
160 52
159 53
158 54
157 55
156 56
156 57
156 58
156 59
156 60
156 61
156 62
156 63
156 64
156 65
156 66
156 67
156 68
156 69
157 70
158 71
158 72
158 73
158 74
158 75
158 76
158 77
158 78
158 79
158 80
158 81
158 82
158 83
158 84
158 85
158 86
159 85
160 86
170 41
171 40
172 39
173 38
174 37
175 36
176 35
177 34
182 44
183 44
184 44
185 43
186 42
187 41
188 40
189 39
182 123
183 123
184 123
185 123
186 123
187 123
188 123
189 123
190 123
191 123
192 123
193 123
194 123
195 123
196 123
197 123
198 123
199 124
200 125
201 126
202 126
203 126
204 126
205 125
199 126
198 127
197 128
196 129
198 122
198 121
198 120
198 119
198 118
198 117
198 116
198 115
198 114
198 113
199 112
200 111
201 110
202 109
203 108
204 107
205 106
205 105
205 104
205 103
205 102
205 101
205 100
205 99
205 98
205 97
205 96
205 95
205 94
205 93
205 92
205 91
205 90
205 89
205 88
205 87
204 86
204 85
204 84
204 83
204 82
204 81
204 80
204 79
204 78
204 77
204 76
204 75
204 74
204 73
204 72
204 71
204 70
204 69
204 68
204 67
205 66
205 65
205 64
205 63
205 62
205 61
205 60
205 59
205 58
205 57
205 56
205 55
205 54
205 53
204 52
203 51
202 50
205 51
175 130
176 131
177 132
178 133
179 134
180 135
181 136
182 137
183 138
184 139
160 133
159 134
158 135
157 136
156 137
155 138
154 139
153 140
152 141
151 142
150 143
149 143
148 143
147 143
146 143
145 143
144 143
143 143
142 143
141 143
140 143
139 143
138 143
137 143
136 143
135 143
134 143
133 143
132 143
131 143
130 143
129 143
128 143
127 143
126 143
125 143
124 143
123 143
122 143
121 143
120 143
119 143
118 143
117 143
116 143
115 143
114 143
113 143
112 143
111 143
110 143
109 142
108 141
107 140
106 139
105 138
104 137
103 136
102 135
101 134
100 133
99 132
98 131
97 130
96 129
95 128
94 127
93 126
92 125
91 124
90 123
89 123
88 123
87 123
86 123
85 122
84 121
83 120
82 119
81 118
80 117
79 116
78 115
77 114
76 113
75 112
74 111
73 110
72 109
71 108
70 107
69 106
68 105
67 104
66 103
65 102
64 101
63 100
62 99
61 98
60 97
59 96
58 95
57 94
56 93
55 92
54 91
53 90
52 89
51 88
59 98
58 99
57 100
56 101
55 102
54 103
53 104
52 105
51 106
50 107
49 107
48 107
47 106
46 105
45 104
44 103
43 102
42 101
41 100
40 99
39 98
38 97
37 96
36 95
35 94
34 93
33 92
65 100
66 99
67 98
68 97
69 96
70 95
71 94
72 93
72 107
83 118
84 117
85 116
86 115
87 114
88 113
89 112
90 111
91 110
92 109
93 108
86 124
86 125
85 126
84 127
83 128
82 129
81 130
80 131
79 132
78 133
77 134
76 135
75 136
74 137
73 138
72 139
71 140
70 141
69 142
68 143
67 143
66 143
65 143
64 143
63 143
62 142
61 141
60 140
59 139
58 138
57 137
56 136
55 135
54 134
53 133
52 132
51 131
50 130
49 129
48 128
47 127
46 126
45 125
44 124
43 123
42 122
41 121
40 120
39 119
38 118
37 117
36 116
35 115
34 114
33 113
38 120
37 121
36 122
35 123
34 124
33 125
32 126
47 129
46 130
57 139
56 140
55 141
75 134
74 133
73 132
72 131
71 130
70 129
98 133
97 134
96 135
95 136
94 137
93 138
92 139
91 140
90 141
89 142
88 143
89 143
105 136
106 135
107 134
108 133
109 132
110 131
111 130
112 129
151 143
150 116
151 115
152 114
153 113
154 112
155 111
156 110
157 109
158 108
145 114
144 115
143 116
142 117
141 118
140 119
139 120
138 121
137 122
136 123
126 98
125 99
124 100
123 101
122 102
121 103
120 104
119 105
118 106
117 107
116 108
119 90
118 89
117 88
116 87
115 87
114 86
119 88
120 87
121 86
122 85
123 84
124 83
125 82
126 81
127 80
128 79
129 78
130 77
131 76
132 75
133 74
134 73
135 72
136 71
137 71
128 77
127 76
126 75
125 74
124 73
123 72
122 71
121 70
120 69
119 68
118 67
117 66
116 65
122 69
123 68
124 67
125 66
126 65
127 64
128 63
129 62
130 61
131 60
132 59
133 58
134 57
135 56
130 79
131 80
132 81
133 82
134 83
135 84
136 85
137 86
85
136 107
156 123
172 143
181 123
181 103
181 83
181 63
181 43
161 34
141 34
121 34
101 34
81 34
116 87
136 71
156 56
150 143
71 54
91 71
60 34
201 126
205 106
204 86
205 66
130 143
110 143
90 123
71 108
51 88
88 143
68 143
48 128
51 55
33 51
116 108
116 65
50 107
71 71
33 113
31 72
93 108
93 56
158 108
158 71
136 123
33 92
202 50
135 56
72 93
137 86
93 86
158 86
70 129
112 129
48 67
32 126
112 44
177 34
184 139
55 141
205 125
47 45
93 126
114 86
205 51
158 54
158 129
93 71
160 86
204 107
205 87
89 143
151 143
189 39
72 53
137 107
204 67
72 107
137 71
196 129
46 130
63 143
173 142
35 49
59 34
