1059
120 91
120 92
121 93
122 94
123 95
124 96
125 97
126 98
127 99
128 100
129 101
130 102
131 103
132 104
133 105
134 106
135 107
136 108
137 108
138 108
139 108
140 108
141 108
142 108
143 108
144 108
145 108
146 108
147 108
148 108
149 108
150 108
151 108
152 108
153 108
154 108
155 108
156 108
157 108
158 108
159 108
160 108
161 108
162 108
163 108
164 108
165 108
166 108
167 108
168 108
169 108
170 108
171 108
172 108
173 108
174 108
175 108
176 108
177 108
178 107
179 106
180 105
181 104
182 104
183 104
184 104
185 104
186 104
187 104
188 104
189 104
190 104
191 104
192 104
193 104
194 104
195 104
196 104
197 104
198 104
199 104
200 104
201 104
202 103
203 102
204 101
205 102
206 103
207 104
208 105
201 105
201 106
201 107
201 108
201 109
201 110
201 111
201 112
201 113
201 114
201 115
201 116
201 117
201 118
201 119
202 120
203 121
204 122
203 123
202 124
201 125
200 126
199 127
198 128
197 129
196 130
195 131
194 132
204 123
205 124
206 125
207 126
177 109
177 110
177 111
177 112
177 113
177 114
177 115
177 116
177 117
177 118
177 119
177 120
177 121
178 122
179 123
180 124
181 125
181 126
181 127
181 128
181 129
181 130
181 131
181 132
181 133
181 134
181 135
181 136
181 137
180 138
179 139
178 140
177 141
176 142
175 143
182 137
183 137
184 137
185 137
186 136
157 107
158 106
159 105
160 104
161 103
162 102
136 109
136 110
136 111
136 112
136 113
136 114
136 115
136 116
136 117
136 118
136 119
135 120
134 121
133 122
132 123
131 124
130 125
129 126
128 127
127 128
126 129
125 130
124 131
123 132
122 133
121 134
120 135
119 136
118 137
117 138
116 139
115 140
114 141
113 142
112 143
123 133
124 134
125 135
126 136
127 137
128 138
129 139
130 140
131 141
132 142
133 143
124 130
123 129
122 128
121 127
120 126
119 125
118 124
117 123
116 122
134 123
135 124
136 125
137 126
138 127
139 128
140 129
141 130
142 131
143 132
144 133
145 134
146 135
147 136
148 137
149 138
150 139
151 140
152 141
153 142
154 143
147 134
148 133
149 132
150 131
151 130
152 129
153 128
154 127
155 126
156 125
157 124
158 123
141 128
142 127
143 126
144 125
145 124
146 123
137 128
136 129
128 99
129 98
130 97
131 96
132 95
133 94
134 93
135 92
136 91
137 90
138 89
139 88
140 87
141 86
142 85
143 84
144 83
145 82
146 81
120 89
120 88
120 87
121 86
122 85
123 84
124 83
125 82
126 81
127 80
128 79
129 78
130 77
131 76
132 75
133 74
134 73
135 72
136 71
137 71
138 71
139 71
140 71
141 71
142 71
143 71
144 71
145 71
146 71
147 71
148 71
149 71
150 71
151 71
152 71
153 71
154 71
155 71
156 71
157 70
158 70
159 70
160 70
161 70
162 70
163 70
164 70
165 70
166 70
167 70
168 70
169 70
170 70
171 70
172 70
173 70
174 70
175 70
176 70
177 70
178 69
179 68
180 67
181 66
182 66
183 66
184 66
185 66
186 66
187 66
188 66
189 66
190 66
191 66
192 66
193 66
194 66
195 66
196 66
197 66
198 66
199 66
200 66
201 66
202 65
203 64
204 63
204 62
204 61
204 60
204 59
203 58
202 57
201 56
200 55
199 54
198 53
197 52
196 51
195 50
194 49
193 48
192 47
191 46
190 45
201 55
202 54
203 53
204 52
205 51
205 60
201 67
201 68
201 69
201 70
201 71
201 72
201 73
201 74
201 75
201 76
202 77
203 78
204 79
205 80
205 81
205 82
205 83
205 84
205 85
205 86
205 87
205 88
205 89
200 76
199 76
198 76
197 77
196 78
195 79
194 80
177 71
177 72
177 73
177 74
177 75
177 76
177 77
177 78
177 79
178 80
179 81
180 82
181 83
157 69
157 68
157 67
157 66
157 65
157 64
157 63
157 62
157 61
157 60
157 59
157 58
157 57
158 56
156 72
156 73
156 74
156 75
156 76
156 77
156 78
156 79
156 80
156 81
156 82
156 83
156 84
157 85
158 86
159 86
160 86
161 86
162 86
163 86
164 86
165 86
166 86
157 78
158 77
119 89
118 88
117 87
116 86
115 85
114 84
113 83
112 82
111 81
110 80
109 79
108 78
107 77
106 76
105 75
104 74
103 73
102 72
101 71
100 70
99 69
98 68
97 67
96 66
95 65
94 64
93 63
92 63
91 63
90 63
89 63
88 63
87 63
86 63
85 63
84 63
83 63
82 63
81 63
80 63
79 63
78 62
77 61
76 60
75 59
74 58
73 57
72 56
72 55
72 54
72 53
72 52
72 51
72 50
72 49
72 48
72 47
72 46
72 45
72 44
72 43
72 42
72 41
71 40
70 39
69 38
68 37
67 36
66 35
65 34
64 35
63 36
62 37
61 38
60 39
59 40
58 41
57 42
56 43
55 44
54 45
53 46
52 47
51 48
50 49
49 50
48 51
47 51
46 51
45 51
44 51
43 52
42 53
41 54
40 55
39 56
38 57
37 58
36 59
35 60
34 61
33 62
39 58
40 59
41 60
42 61
43 62
44 63
45 64
46 65
47 66
48 67
37 56
36 55
35 54
34 53
33 52
32 51
42 52
41 51
40 50
39 49
54 43
53 42
52 41
56 45
57 46
58 47
59 48
60 49
61 50
62 51
63 38
73 41
74 41
75 41
76 41
77 41
78 41
79 41
80 40
81 39
82 38
83 37
84 36
85 35
86 34
87 34
88 34
89 34
90 34
91 34
92 34
93 34
94 34
95 34
96 34
97 34
98 34
99 34
100 34
101 34
102 34
103 34
104 34
105 34
106 34
107 34
108 34
109 34
110 34
111 34
112 34
113 34
114 34
115 34
116 34
117 34
118 34
119 34
120 34
121 34
122 34
123 34
124 34
125 34
126 34
127 34
128 34
129 34
130 34
131 34
132 34
133 34
134 34
135 34
136 34
137 34
138 34
139 34
140 34
141 34
142 34
143 34
144 34
145 34
146 34
147 34
148 34
149 34
150 34
151 34
152 34
153 34
154 34
155 34
156 34
157 34
158 34
159 34
160 34
161 34
162 34
163 34
164 34
165 34
166 34
167 34
168 34
169 34
170 34
170 35
171 36
172 37
173 38
174 39
175 40
176 41
177 42
178 43
179 44
180 45
174 38
175 37
176 36
177 35
178 34
127 35
127 36
127 37
127 38
127 39
127 40
127 41
128 42
129 43
130 44
131 45
132 46
133 47
134 48
135 49
136 50
137 49
106 35
106 36
106 37
106 38
107 39
108 40
109 41
110 42
111 43
112 44
84 38
85 39
86 40
87 41
88 42
89 43
90 44
91 45
92 46
93 47
78 64
77 65
76 66
75 67
74 68
73 69
72 70
71 71
97 68
96 69
95 70
94 71
93 72
92 73
93 73
104 72
105 71
106 70
107 69
108 68
109 67
110 66
111 65
112 64
114 86
113 87
112 88
111 89
110 90
109 91
108 92
107 93
106 94
105 95
104 96
103 97
102 98
101 99
100 100
99 101
98 102
97 103
96 104
95 105
94 106
93 107
92 108
91 108
90 108
89 108
88 108
87 108
86 108
85 108
84 108
83 108
82 108
81 108
80 108
79 108
78 108
77 108
76 108
75 108
74 108
73 108
72 108
71 108
70 107
69 106
68 105
67 104
66 103
65 102
64 101
63 100
62 99
61 98
60 97
59 96
58 95
57 94
56 93
55 92
54 91
53 90
52 89
51 88
50 88
49 88
48 88
47 88
46 88
45 88
44 88
43 88
42 88
41 88
40 88
39 88
38 88
37 88
36 87
35 86
34 85
33 84
32 83
37 89
37 90
37 91
37 92
37 93
37 94
37 95
37 96
37 97
37 98
37 99
37 100
36 101
35 102
34 103
33 104
55 93
63 99
64 98
65 97
66 96
67 95
68 94
69 93
70 92
71 91
72 90
73 89
74 88
75 87
76 86
69 107
68 108
67 109
66 110
65 111
64 112
63 113
62 114
61 115
60 116
59 117
58 118
57 119
56 120
55 121
54 122
53 123
52 124
51 125
50 126
49 127
48 128
47 128
46 128
45 128
44 128
43 128
42 128
41 128
40 128
39 128
38 128
37 128
36 128
35 128
34 127
33 126
32 125
48 129
47 130
46 131
45 132
44 133
43 134
42 135
43 136
44 137
41 134
52 126
53 127
54 128
55 129
56 130
57 131
58 132
59 133
60 134
61 135
62 136
63 137
64 138
65 139
66 140
67 141
68 142
69 143
70 143
71 143
72 143
73 143
74 143
75 143
76 143
77 143
78 143
79 143
80 143
81 143
82 143
83 143
84 143
85 143
86 143
87 143
88 143
89 143
90 143
90 144
91 145
69 144
69 145
69 146
69 147
68 148
67 149
66 150
65 151
60 136
59 137
58 138
57 139
56 140
55 141
59 115
58 114
57 113
56 112
55 111
54 110
53 109
52 108
51 107
62 116
63 117
64 118
65 119
66 120
67 121
68 122
69 123
70 124
71 125
72 124
92 109
92 110
92 111
92 112
92 113
92 114
92 115
92 116
92 117
92 118
92 119
92 120
92 121
92 122
93 123
101 101
102 102
103 99
104 100
105 101
106 102
107 103
108 104
109 105
110 106
111 107
112 108
111 105
112 104
103 95
102 94
101 93
100 92
99 91
98 90
97 89
96 88
95 87
91
136 108
157 108
181 104
181 125
204 101
204 122
136 71
157 70
181 66
204 63
93 63
92 108
71 108
72 56
65 34
86 34
107 34
128 34
149 34
170 34
112 143
51 88
48 128
116 86
133 143
69 143
90 143
154 143
48 51
175 143
190 45
205 80
112 108
181 83
112 64
51 107
33 62
32 83
33 104
32 125
93 123
158 123
71 71
71 125
136 129
136 50
158 56
137 90
76 86
158 86
48 67
95 87
116 122
205 51
92 73
32 51
112 44
93 47
194 132
55 141
179 44
52 41
55 93
207 126
178 34
158 77
166 86
208 105
186 136
91 145
112 82
112 104
194 80
62 51
72 124
146 123
102 102
162 102
137 49
42 135
39 49
180 45
65 151
93 73
205 60
205 89
63 38
194 49
44 137
146 81
41 134
