2944
279 201
279 200
279 199
279 198
279 197
279 196
279 195
279 194
279 193
279 192
280 191
281 190
282 189
283 188
284 187
285 186
286 185
287 184
288 183
289 182
290 181
291 180
292 179
293 178
294 177
295 176
296 175
297 174
298 173
299 172
300 171
301 170
302 169
303 168
304 168
305 168
306 168
307 168
308 168
309 168
310 168
311 168
312 168
313 168
314 168
315 168
316 168
317 168
318 168
319 168
320 168
321 168
322 168
323 169
324 170
325 171
326 172
327 173
328 173
329 173
330 173
331 173
332 173
333 173
334 173
335 173
336 173
337 173
338 173
339 173
340 173
341 173
342 173
343 173
344 173
345 173
346 173
347 173
348 173
349 173
350 173
351 173
352 173
353 173
354 173
355 173
356 173
357 173
358 173
359 173
360 173
361 173
362 173
363 173
364 173
365 173
366 174
367 175
368 176
369 177
370 178
371 179
372 180
373 181
374 182
375 183
376 184
377 185
378 186
379 187
380 188
381 189
382 190
383 191
384 192
385 193
386 194
387 195
388 196
389 197
390 198
391 199
392 200
393 201
394 202
395 203
396 204
397 205
398 206
399 207
400 208
401 209
402 210
403 211
404 212
405 213
406 214
407 215
408 216
409 217
410 218
411 219
412 220
413 221
414 222
415 223
416 224
417 225
418 226
419 227
420 228
421 229
422 230
423 231
424 232
425 233
426 234
427 235
428 236
429 237
430 238
431 239
432 240
433 241
434 242
435 243
436 244
437 245
438 246
439 247
440 248
441 249
442 250
443 251
444 252
445 253
446 254
447 255
448 256
449 257
450 258
451 259
452 260
453 260
454 260
455 260
456 260
457 260
458 260
459 260
460 260
461 260
462 260
463 260
464 260
465 260
466 260
467 260
468 260
469 260
470 260
471 260
472 259
473 258
474 257
475 256
476 255
477 254
478 253
479 252
480 251
481 250
482 249
483 248
484 247
485 246
486 245
486 244
486 243
486 242
487 241
488 240
489 239
490 238
491 237
492 236
493 235
494 234
495 233
496 232
497 231
498 230
499 229
500 228
490 240
491 241
492 242
493 243
494 244
495 245
496 246
497 247
498 248
499 249
500 249
501 249
502 249
503 249
504 249
505 249
506 249
507 249
508 248
509 247
510 246
511 245
512 244
478 254
479 255
480 256
481 257
482 258
483 259
484 260
485 261
486 262
487 263
488 264
489 265
490 266
491 266
492 266
493 266
494 266
495 266
496 266
497 267
498 268
499 269
500 270
501 271
502 272
503 273
504 274
505 275
506 276
507 277
508 278
509 279
510 280
511 281
512 282
513 283
514 284
515 284
516 284
517 284
518 284
519 284
520 285
521 286
522 287
523 288
512 280
513 279
514 278
515 277
516 276
517 275
518 274
519 273
520 272
521 271
522 270
523 269
500 271
499 272
498 273
497 274
496 275
495 276
494 277
493 278
492 279
491 280
490 281
489 282
488 283
499 268
445 255
444 256
443 257
442 258
441 259
440 260
439 261
438 262
437 263
436 264
435 265
434 266
433 267
432 268
431 269
430 270
429 271
428 271
427 271
426 271
425 271
424 271
423 271
422 271
421 271
420 271
419 271
418 271
417 271
416 271
415 271
414 271
413 271
412 271
411 271
410 270
409 269
408 268
407 268
406 268
405 268
404 268
403 268
402 268
401 268
400 268
399 268
398 268
397 268
396 268
395 268
394 268
393 268
392 268
391 268
390 268
389 267
388 266
387 265
386 264
385 263
384 262
383 261
382 260
381 259
380 258
379 257
378 256
377 255
376 254
375 253
374 252
373 251
378 257
377 258
376 259
375 260
374 261
373 262
372 263
371 263
370 263
369 263
368 263
367 263
366 263
365 263
364 262
363 261
362 260
385 261
386 260
387 259
388 258
389 257
390 256
391 255
392 254
393 253
394 252
437 246
436 247
435 248
427 237
426 238
425 239
424 240
423 241
422 242
421 243
420 244
419 245
418 246
417 247
411 217
412 216
413 215
414 214
415 213
416 212
417 211
418 210
419 209
420 208
421 207
422 206
423 205
424 204
425 203
426 202
427 201
428 200
429 199
430 198
431 197
432 196
433 195
434 194
435 193
436 192
437 191
438 190
439 189
440 188
441 187
442 186
443 185
444 184
445 183
446 182
447 181
448 180
449 179
450 178
451 177
452 176
453 175
454 174
455 173
456 172
457 171
458 170
459 169
460 168
461 167
462 166
463 165
464 164
465 163
466 162
467 161
468 160
469 159
470 158
471 157
472 156
473 155
474 154
475 153
476 152
477 151
478 150
479 149
480 148
481 147
482 146
483 145
484 144
485 143
486 142
487 141
488 140
489 139
490 138
491 137
492 136
493 135
494 134
495 133
496 132
497 131
498 130
499 129
500 128
501 127
502 126
503 125
504 124
505 123
506 122
507 121
508 120
509 119
510 118
504 122
503 121
502 120
501 119
500 118
499 117
498 116
497 115
496 114
495 113
494 112
493 111
492 110
495 135
496 136
497 137
498 138
499 139
500 140
501 141
502 142
503 143
504 144
505 145
506 146
507 147
508 148
509 149
510 150
511 151
512 152
513 153
514 154
515 155
516 156
517 157
518 158
519 159
520 160
521 161
522 162
523 163
524 164
525 165
526 166
527 167
528 168
529 169
530 170
531 171
532 172
533 173
532 174
531 175
530 176
529 177
528 178
527 179
526 180
525 181
524 182
523 183
522 184
521 185
520 186
519 187
519 188
519 189
519 190
519 191
519 192
519 193
519 194
519 195
519 196
519 197
519 198
519 199
519 200
518 201
517 202
516 203
515 204
515 205
515 206
515 207
514 208
513 209
512 210
511 211
510 212
509 213
508 214
507 215
509 148
510 147
511 146
512 145
513 144
514 143
515 142
516 141
517 140
518 139
519 138
520 137
521 136
322 167
322 166
322 165
322 164
322 163
322 162
322 161
322 160
322 159
322 158
323 157
324 156
325 155
326 154
327 153
328 152
329 152
330 152
331 152
332 152
333 152
334 152
335 152
336 152
337 152
338 152
339 152
340 151
341 150
342 149
343 148
344 147
345 146
346 145
347 144
348 143
349 142
349 141
349 140
349 139
349 138
349 137
349 136
349 135
349 134
349 133
349 132
349 131
349 130
349 129
349 128
349 127
349 126
349 125
349 124
349 123
349 122
350 121
351 120
352 119
348 122
347 122
346 122
345 122
344 122
343 122
342 122
341 122
340 122
339 122
338 122
337 122
336 121
335 120
334 119
333 118
332 117
331 116
333 117
334 116
335 115
336 114
337 113
338 112
339 111
340 110
341 109
342 108
343 107
344 106
345 105
346 104
347 103
348 102
349 101
350 100
351 99
352 98
342 106
341 105
340 104
339 103
338 102
337 101
336 100
335 99
334 98
333 97
332 96
336 123
335 124
334 125
333 126
332 127
331 128
330 129
329 130
328 131
346 147
347 148
348 149
349 150
350 151
351 152
321 158
320 158
319 157
318 156
317 155
316 154
315 153
314 152
313 151
312 150
311 149
310 148
309 147
308 146
307 145
306 144
305 143
304 142
303 141
302 140
301 139
300 138
299 137
298 136
297 135
296 134
295 133
294 132
293 131
292 130
291 129
290 128
289 127
288 126
287 125
286 124
285 123
284 122
283 121
282 120
281 119
280 118
279 117
278 116
277 115
276 114
275 113
274 112
273 111
272 110
271 109
270 108
269 107
268 106
267 105
266 104
265 103
264 102
263 101
262 100
261 99
260 98
259 97
258 96
257 95
256 94
255 93
254 92
253 91
252 90
251 89
250 88
249 87
248 87
247 87
246 87
245 87
244 87
243 87
242 87
241 87
240 87
239 87
238 87
237 87
236 87
235 87
234 87
233 87
232 87
231 87
230 87
229 87
228 87
227 87
226 86
225 85
224 85
223 85
222 85
221 85
220 85
219 85
218 85
217 85
216 85
215 85
214 85
213 85
212 85
211 85
210 85
209 85
208 85
207 85
206 85
205 85
204 85
203 85
202 85
201 85
200 85
199 85
198 85
197 85
196 85
195 85
194 85
193 85
192 85
191 85
190 85
189 84
188 83
187 82
186 81
185 80
184 80
183 80
182 80
181 80
180 80
179 80
178 80
177 80
176 80
175 80
174 80
173 80
172 80
171 80
170 80
169 80
168 80
167 80
166 80
165 80
164 80
163 80
162 80
161 80
160 80
159 80
158 80
157 80
156 80
155 80
154 80
153 80
152 80
151 80
150 80
149 79
148 78
147 77
146 76
145 75
144 75
143 75
142 75
141 75
140 75
139 75
138 75
137 75
136 75
135 75
134 75
133 75
132 75
131 75
130 75
129 75
128 75
127 75
126 75
125 75
124 75
123 75
122 75
121 75
120 75
119 75
118 75
117 75
116 75
115 75
114 76
113 77
112 78
111 79
110 80
109 81
108 82
107 83
106 84
113 78
114 79
115 80
116 81
117 82
118 83
119 84
120 85
121 86
114 74
113 73
112 72
111 71
110 70
109 69
126 74
127 73
128 72
129 71
150 81
150 82
150 83
150 84
150 85
149 86
148 87
147 88
146 89
145 90
144 91
143 92
150 86
151 87
152 88
153 89
154 90
155 91
156 92
164 79
165 78
166 77
187 83
186 84
185 85
184 86
183 87
182 88
181 89
180 90
179 91
178 92
177 93
176 94
175 95
174 96
195 86
196 87
197 88
198 89
199 90
200 91
201 92
202 93
203 94
204 95
205 96
206 97
207 98
200 93
199 94
198 95
197 96
196 97
195 98
194 99
193 100
201 84
202 83
203 82
204 81
227 88
227 89
227 90
227 91
227 92
227 93
227 94
227 95
227 96
227 97
226 98
225 99
224 100
255 95
254 96
253 97
252 98
251 99
250 100
249 101
248 102
247 103
246 104
261 97
262 96
263 95
264 94
265 93
266 92
267 91
268 90
269 89
270 88
263 103
262 104
279 116
280 115
281 114
282 113
283 112
284 111
285 110
286 109
287 108
288 107
289 106
290 105
291 104
292 103
293 102
294 101
295 100
296 99
297 98
298 97
299 96
300 95
301 94
302 93
300 97
301 98
302 99
303 100
304 101
305 102
306 103
307 104
308 105
309 106
310 107
311 108
310 109
309 110
308 111
307 112
306 113
305 100
306 99
307 98
308 97
309 96
310 95
311 94
295 98
294 97
293 96
292 95
291 94
290 93
289 92
288 91
287 90
301 137
302 136
303 135
304 134
305 133
305 145
304 146
303 147
295 177
296 178
297 179
298 180
299 181
300 182
301 183
302 184
303 185
304 186
305 187
306 188
307 189
308 190
309 191
310 192
311 193
312 194
313 195
314 196
315 197
316 198
317 199
318 200
319 201
320 202
321 203
322 204
323 205
324 206
325 207
326 208
326 209
326 210
326 211
326 212
326 213
326 214
326 215
326 216
326 217
326 218
326 219
326 220
326 221
326 222
326 223
326 224
326 225
326 226
326 227
326 228
325 229
325 230
325 231
325 232
325 233
325 234
325 235
325 236
325 237
325 238
325 239
325 240
325 241
325 242
325 243
325 244
325 245
325 246
325 247
324 248
323 249
322 250
321 250
320 250
319 250
318 250
317 250
316 250
315 250
314 250
313 250
312 250
311 250
310 250
309 250
308 250
307 250
306 250
305 250
304 250
303 250
302 250
301 250
300 250
299 250
298 250
297 250
296 250
295 250
294 250
293 251
292 252
291 253
290 254
289 255
288 256
290 255
291 256
292 257
293 258
294 259
295 260
296 261
297 262
298 263
299 264
300 265
301 266
302 267
303 268
304 269
305 270
306 271
307 272
308 273
309 274
310 275
311 276
312 277
313 278
314 279
315 280
316 281
317 282
318 283
319 284
320 285
321 286
322 287
322 288
322 289
322 290
322 291
322 292
322 293
322 294
322 295
322 296
322 297
322 298
322 299
322 300
322 301
322 302
322 303
322 304
322 305
322 306
322 307
322 308
322 309
322 310
322 311
322 312
322 313
322 314
322 315
322 316
322 317
321 318
320 319
319 320
318 321
318 322
318 323
318 324
318 325
318 326
318 327
318 328
318 329
318 330
318 331
318 332
318 333
318 334
318 335
318 336
318 337
318 338
317 339
316 340
315 341
314 342
314 343
314 344
314 345
314 346
314 347
314 348
314 349
314 350
314 351
314 352
314 353
314 354
314 355
313 356
312 357
311 358
310 359
309 360
308 361
307 362
306 363
308 362
309 363
310 364
311 365
312 366
313 367
314 368
315 369
316 370
315 352
316 351
317 350
318 349
323 300
324 299
325 298
317 284
316 285
315 286
314 287
313 288
312 289
311 290
310 291
309 292
308 293
307 294
319 282
320 281
321 280
322 279
323 278
324 277
325 276
326 275
327 274
328 273
329 272
330 271
296 263
295 264
294 265
293 266
292 267
291 268
290 269
289 270
288 271
287 272
286 273
285 274
284 275
283 276
282 277
281 278
280 279
279 280
278 281
277 282
276 283
275 284
274 285
273 286
272 287
271 288
270 289
269 290
268 291
267 292
266 293
265 294
264 295
263 296
262 297
261 298
260 299
259 300
258 301
257 302
256 303
255 304
255 305
255 306
255 307
255 308
255 309
255 310
255 311
255 312
255 313
255 314
255 315
255 316
255 317
255 318
255 319
255 320
254 321
253 322
252 323
251 324
250 325
249 325
248 325
247 325
246 325
245 325
244 325
243 325
242 325
241 325
240 325
239 325
238 325
237 325
236 325
235 325
234 325
233 325
232 325
231 325
230 326
229 327
229 328
229 329
229 330
229 331
229 332
229 333
229 334
229 335
229 336
229 337
229 338
229 339
229 340
228 341
227 342
226 343
225 344
224 345
223 346
222 347
221 348
220 347
219 346
218 345
217 344
216 343
215 342
214 341
213 340
212 339
211 338
210 337
209 336
208 335
207 334
206 333
205 332
204 331
203 330
202 329
201 328
200 327
199 326
198 326
197 326
196 326
195 326
194 326
193 326
192 326
191 326
190 326
189 326
188 326
187 326
186 326
185 325
184 324
183 323
182 322
181 321
180 320
179 319
178 318
186 327
185 328
184 329
183 330
182 331
181 332
180 333
179 334
178 335
177 336
176 337
175 338
174 339
199 325
199 324
199 323
199 322
199 321
199 320
200 319
207 335
206 336
205 337
204 338
203 339
202 340
201 341
200 342
199 343
198 344
197 345
196 346
224 347
225 348
226 349
227 350
228 351
229 352
230 353
228 327
227 327
226 327
225 326
224 325
223 324
250 326
250 327
250 328
250 329
250 330
250 331
250 332
250 333
250 334
250 335
250 336
250 337
251 338
252 339
253 340
253 341
253 342
253 343
253 344
253 345
253 346
253 347
253 348
253 349
253 350
253 351
253 352
253 353
253 354
253 355
253 356
253 357
253 358
253 359
253 360
252 361
263 294
262 293
261 292
260 291
259 290
258 289
257 288
256 287
255 286
254 285
253 284
252 283
269 291
270 292
271 293
272 294
273 295
274 296
275 297
276 298
277 299
278 300
279 301
280 302
281 303
282 304
283 305
284 306
285 307
286 308
287 309
287 310
287 311
287 312
287 313
287 314
287 315
287 316
287 317
287 318
287 319
287 320
287 321
287 322
287 323
287 324
287 325
287 326
287 327
286 328
285 329
284 330
283 331
283 332
283 333
283 334
283 335
283 336
283 337
283 338
283 339
283 340
283 341
282 342
281 343
280 344
279 345
278 346
277 347
276 348
275 349
275 350
275 351
275 352
275 353
275 354
275 355
275 356
275 357
275 358
276 359
277 360
278 361
279 362
280 363
281 364
282 365
281 341
280 340
279 339
278 338
277 337
276 336
275 335
274 334
273 333
272 332
284 341
285 341
286 342
287 343
288 344
289 345
290 346
291 347
292 348
293 349
288 327
289 327
290 327
291 327
292 327
293 327
294 327
295 327
296 328
297 329
298 330
299 331
288 309
289 309
290 309
291 309
292 309
293 309
294 309
295 309
296 309
297 310
298 311
299 312
300 313
284 308
283 309
282 310
281 311
280 312
279 313
278 314
271 286
270 285
269 284
273 288
274 289
275 290
276 291
277 280
276 279
275 278
274 277
273 276
272 275
271 274
270 273
269 272
268 271
267 270
266 269
265 268
264 267
263 266
262 265
261 264
260 263
259 262
258 261
257 260
256 259
255 258
254 258
253 258
252 258
251 258
250 258
249 258
248 258
247 258
246 258
245 258
244 259
265 266
266 265
267 264
268 263
269 262
280 280
281 281
282 282
283 283
284 284
285 285
286 286
287 287
288 288
289 268
288 267
287 266
286 265
294 249
294 248
294 247
293 246
292 245
291 244
290 243
289 242
288 241
287 240
286 239
285 238
284 237
283 236
282 235
281 234
280 233
279 232
278 231
277 230
276 229
275 228
274 228
273 228
272 228
271 228
270 228
269 228
268 228
267 229
266 230
265 231
264 232
263 233
262 234
265 229
264 228
263 227
262 226
261 225
260 224
259 223
289 240
290 239
290 242
291 241
292 240
293 239
294 238
295 237
296 236
297 235
298 234
299 233
300 232
301 231
302 230
302 251
325 248
326 249
327 250
328 251
329 252
330 253
331 254
332 254
333 254
334 254
335 254
336 254
337 254
338 254
339 254
340 254
341 254
342 254
343 254
344 253
327 228
328 228
329 228
330 228
331 228
332 228
333 228
334 228
335 228
336 228
337 228
338 228
339 228
340 228
341 228
342 229
343 230
344 231
345 232
327 208
328 208
329 208
330 208
331 208
332 208
333 208
334 208
335 208
336 208
337 208
338 208
339 208
340 208
341 208
342 208
343 208
344 209
345 210
346 211
343 207
343 206
343 205
343 204
343 203
343 202
343 201
343 200
343 199
343 198
343 197
343 196
344 195
345 194
319 203
318 204
317 205
316 206
315 207
314 208
313 209
312 210
311 211
319 199
320 198
321 197
322 196
323 195
324 194
306 190
305 191
304 192
278 202
277 202
276 202
275 202
274 202
273 202
272 202
271 202
270 202
269 202
268 202
267 202
266 202
265 202
264 202
263 202
262 202
261 202
260 202
259 202
258 202
257 202
256 202
255 202
254 202
253 202
252 202
251 202
250 202
249 202
248 202
247 202
246 202
245 202
244 202
243 202
242 202
241 202
240 202
239 203
238 204
237 205
236 205
235 205
234 205
233 205
232 205
231 205
230 205
229 205
228 205
227 205
226 205
225 205
224 205
223 205
222 205
221 205
220 205
219 205
218 205
217 204
216 203
217 206
216 207
215 208
214 209
213 210
212 211
211 212
210 213
209 214
208 215
207 216
206 217
205 218
204 219
203 220
202 221
201 222
200 223
199 224
206 215
205 214
204 213
203 212
202 211
201 210
200 209
199 208
198 207
197 206
196 205
195 204
194 203
193 203
192 203
191 203
190 203
189 203
188 203
187 203
186 203
185 203
184 203
183 203
182 203
181 203
180 203
179 203
178 203
177 202
176 201
175 200
174 199
173 198
178 204
178 205
178 206
178 207
178 208
178 209
178 210
178 211
178 212
178 213
177 214
176 215
175 216
174 217
173 218
172 219
171 218
170 217
169 216
168 215
167 214
166 213
165 212
164 211
163 210
162 209
161 208
160 207
159 206
158 205
157 204
156 203
155 202
154 201
153 200
152 199
151 198
150 197
149 196
149 198
148 199
147 200
146 201
145 202
144 203
143 204
142 205
141 206
140 207
139 208
138 209
137 210
136 211
135 212
134 213
133 214
132 215
131 216
130 217
129 218
128 219
128 220
128 221
128 222
128 223
128 224
128 225
128 226
128 227
128 228
128 229
128 230
128 231
128 232
128 233
128 234
128 235
128 236
128 237
128 238
129 239
130 240
131 241
132 242
133 243
134 243
135 243
136 243
137 243
138 243
139 243
140 243
141 243
142 243
143 243
144 243
145 243
146 244
147 245
148 246
133 212
132 211
131 210
130 209
129 208
128 207
127 206
126 205
125 204
124 203
123 202
122 201
121 200
120 199
119 198
119 197
119 196
119 195
119 194
119 193
120 192
121 191
122 203
121 204
120 205
119 206
118 207
117 208
116 209
115 210
114 211
113 212
112 213
111 214
110 215
109 216
108 217
107 218
106 219
106 220
106 221
106 222
106 223
106 224
106 225
106 226
106 227
106 228
106 229
106 230
106 231
105 232
104 233
103 234
102 235
101 236
100 237
99 238
98 239
97 240
103 235
104 236
105 237
106 238
107 239
108 240
109 241
110 242
111 243
105 218
104 217
103 216
102 215
101 214
100 213
99 212
98 211
97 210
96 209
95 208
94 207
93 206
92 205
91 204
90 203
89 202
88 201
87 200
86 199
85 198
84 197
83 196
82 195
81 194
81 193
81 192
81 191
81 190
80 189
79 188
78 187
77 186
76 185
75 184
74 183
73 182
72 181
71 180
70 179
69 178
68 177
67 176
66 175
65 174
64 173
63 172
62 171
61 170
60 169
59 168
58 167
57 166
56 165
55 164
54 163
53 162
52 161
51 160
50 159
49 158
48 157
47 156
46 155
45 154
44 153
43 152
42 151
41 150
40 149
39 148
38 147
37 146
36 145
35 144
34 143
33 142
32 141
31 140
30 139
30 138
30 137
30 136
30 135
30 134
30 133
30 132
30 131
30 130
30 129
30 128
30 127
30 126
30 125
30 124
30 123
30 122
30 121
30 120
30 119
30 118
30 117
30 116
30 115
30 114
30 113
30 112
30 111
30 110
30 109
30 108
30 107
30 106
30 105
30 104
30 103
30 102
30 101
30 100
30 99
30 98
30 97
30 96
30 95
30 94
30 93
30 92
30 91
30 90
30 89
30 88
30 87
30 86
31 85
31 84
31 83
31 82
31 81
31 80
31 79
31 78
31 77
31 76
31 75
31 74
31 73
31 72
31 71
31 70
31 69
31 68
31 67
31 66
31 65
31 64
32 65
33 65
34 65
35 65
36 65
37 65
38 65
39 65
40 65
41 65
42 65
43 64
44 63
45 62
42 66
42 67
42 68
42 69
42 70
42 71
43 72
44 73
45 74
46 75
47 76
48 77
29 95
28 96
27 97
26 98
31 113
32 114
33 115
34 116
35 117
35 116
36 115
37 114
38 113
39 112
40 111
41 110
42 109
43 108
44 107
45 106
46 105
47 104
48 103
49 102
50 101
51 100
52 99
53 98
54 97
55 96
56 95
57 94
58 93
59 92
60 91
61 90
62 89
63 88
64 87
65 86
66 85
67 85
68 85
69 85
70 85
71 85
72 85
73 85
74 85
75 85
76 85
77 85
78 85
79 85
80 85
81 84
82 83
83 82
83 81
83 80
83 79
83 78
83 77
83 76
83 75
83 74
83 73
83 72
84 71
85 70
86 69
87 68
88 67
82 72
81 72
80 72
79 72
78 72
77 72
76 72
75 71
74 70
73 69
72 68
71 67
70 66
69 65
68 64
67 63
50 102
51 103
52 104
47 102
46 101
42 111
43 112
44 113
45 114
46 115
47 116
48 117
49 118
50 119
36 146
35 147
34 148
33 149
32 150
31 151
30 152
43 150
44 149
45 148
46 147
47 146
48 145
49 144
50 143
51 142
52 141
53 140
54 139
46 157
45 158
44 159
43 160
42 161
41 162
40 163
39 164
38 165
37 166
36 167
35 168
34 169
33 170
32 171
31 172
30 173
54 164
53 165
52 166
51 167
50 168
49 169
71 181
70 182
69 183
68 184
67 185
66 186
90 204
89 205
88 206
87 207
86 208
85 209
84 210
83 211
82 212
81 213
80 214
79 215
78 216
77 217
76 218
75 219
74 220
73 221
72 222
71 223
70 224
69 225
68 226
67 227
66 228
65 229
64 230
63 231
62 232
61 232
60 232
59 232
58 232
57 232
56 232
55 232
54 232
53 232
52 232
51 232
50 232
49 232
48 232
47 232
46 232
45 232
44 232
43 232
42 232
41 232
40 232
39 232
38 232
37 232
36 232
35 232
34 232
33 232
32 231
31 230
30 229
30 228
30 227
30 226
30 225
30 224
30 223
30 222
30 221
30 220
30 219
30 218
30 217
30 216
30 215
30 214
30 213
30 212
30 211
30 210
30 209
30 208
30 207
29 206
28 205
29 205
30 204
31 203
32 202
33 201
34 200
35 199
36 198
37 197
38 196
39 195
40 194
41 193
42 192
43 191
34 198
33 197
32 196
31 195
30 194
31 228
32 227
33 226
34 225
35 224
36 223
37 222
38 221
39 220
40 219
41 218
42 217
43 216
39 233
40 234
41 235
42 236
43 237
64 231
65 232
66 233
67 234
68 235
69 236
70 237
71 238
72 239
73 240
74 218
73 217
72 216
71 215
70 214
69 213
68 212
67 211
66 210
65 209
64 208
81 215
82 216
83 217
84 218
85 219
92 203
93 202
94 201
95 200
96 199
97 198
98 197
99 196
100 195
101 194
102 193
103 192
104 191
98 209
139 210
140 211
141 212
142 213
143 214
144 215
145 216
146 217
147 218
148 219
149 220
147 199
146 198
145 197
144 196
143 195
142 194
172 220
172 221
172 222
172 223
172 224
172 225
172 226
172 227
172 228
172 229
172 230
172 231
172 232
172 233
171 234
170 235
169 236
169 237
169 238
169 239
169 240
169 241
169 242
169 243
169 244
169 245
169 246
169 247
169 248
168 249
173 233
174 233
175 233
176 233
177 233
178 232
179 231
180 230
181 229
209 215
210 216
211 217
212 218
213 219
214 220
215 221
216 222
217 223
218 224
219 225
220 226
218 226
217 227
216 228
215 229
214 230
213 231
212 232
211 233
210 234
209 235
208 236
207 237
206 238
205 239
204 240
203 241
202 242
201 243
200 244
199 245
198 245
197 245
196 245
195 245
194 246
193 247
192 248
191 249
190 250
209 237
210 238
211 239
212 240
213 241
214 242
215 243
216 244
217 245
218 246
219 247
220 248
221 249
222 250
223 251
224 252
222 248
223 247
224 246
225 245
226 244
227 243
228 242
229 241
230 240
231 239
232 238
233 237
234 236
235 235
236 234
237 233
238 232
239 231
240 230
241 229
235 236
236 237
237 238
238 239
239 240
240 241
241 242
253 203
254 204
255 205
256 206
257 207
279 203
279 204
279 205
279 206
279 207
278 208
277 209
280 207
281 208
282 209
283 210
284 211
285 212
286 213
287 214
288 215
289 216
185
303 168
327 173
328 152
348 173
349 142
352 119
331 116
326 208
325 229
322 250
288 256
322 287
318 321
314 342
306 363
237 205
216 203
199 224
220 226
194 203
199 245
173 198
172 219
149 196
128 219
119 198
106 219
97 240
133 243
81 194
62 232
30 229
255 304
250 325
229 327
221 348
199 326
178 318
174 339
30 139
31 85
31 64
249 87
225 85
185 80
452 260
486 245
490 266
514 284
429 271
35 117
145 75
352 98
255 258
149 220
408 268
288 107
85 219
224 252
346 211
28 205
106 84
196 346
207 98
241 229
510 118
64 208
387 265
304 192
275 228
332 96
287 309
174 96
303 147
500 228
257 207
533 173
270 88
66 186
30 173
345 232
66 85
143 92
277 209
104 191
521 136
283 331
148 246
166 77
253 340
305 133
302 93
111 243
262 104
83 82
488 283
121 86
302 230
345 194
43 191
252 283
269 284
204 81
308 273
417 247
252 361
88 67
262 234
316 370
288 288
73 240
499 249
224 100
373 251
169 236
372 263
523 269
109 69
45 62
328 131
275 349
394 252
246 104
289 216
190 250
43 216
52 104
325 298
331 254
282 365
230 353
351 152
67 63
54 139
523 288
311 211
324 194
512 244
49 169
30 152
287 90
311 108
344 253
519 187
181 229
168 249
307 294
435 248
276 291
193 100
302 251
46 101
290 239
330 271
129 71
142 194
515 204
30 194
286 265
269 262
50 119
278 314
223 324
272 332
200 319
362 260
43 237
492 110
26 98
241 242
48 77
259 223
318 349
244 259
299 331
44 153
306 113
156 92
98 209
293 349
311 94
507 215
499 268
121 191
300 313
