10502
332 269
331 268
330 267
329 266
328 265
327 264
326 263
325 262
324 261
323 260
322 259
321 258
320 257
319 256
318 255
318 254
318 253
318 252
318 251
318 250
318 249
317 248
316 247
324 263
323 264
322 265
321 266
320 267
319 268
318 269
317 270
316 269
315 268
314 267
313 266
312 265
311 264
310 263
309 262
308 261
307 260
306 259
305 258
304 257
303 256
302 255
302 254
302 253
302 252
302 251
302 250
302 249
301 248
308 263
307 264
306 265
305 266
304 267
303 268
302 269
301 270
300 269
299 268
298 267
297 266
296 265
295 264
294 263
293 262
292 261
291 260
290 259
289 258
288 257
287 256
286 255
292 263
291 264
290 265
289 266
288 267
287 268
286 269
285 270
284 269
283 268
282 267
281 266
280 265
279 264
278 263
277 262
276 261
275 260
274 259
273 258
272 257
271 256
270 255
276 263
275 264
274 265
273 266
272 267
271 268
270 269
269 270
268 269
267 268
266 267
265 266
264 265
263 264
262 263
261 262
260 261
259 260
258 259
257 258
256 257
255 256
254 255
254 254
254 253
254 252
254 251
254 250
254 249
254 248
254 247
254 246
254 245
254 244
255 243
256 242
260 263
259 264
258 265
257 266
256 267
255 268
254 269
253 270
252 269
251 268
250 267
249 266
248 265
247 264
246 263
245 262
244 261
243 260
242 259
241 258
240 257
239 256
238 255
238 254
237 253
236 252
235 251
234 250
233 249
232 248
231 247
230 246
229 245
228 244
227 243
226 242
234 249
235 248
236 247
237 246
238 245
239 244
240 243
241 242
244 263
243 264
242 265
241 266
240 267
239 268
238 269
237 270
236 269
235 268
234 267
233 266
232 265
231 264
230 263
229 262
228 261
227 260
226 259
225 258
224 257
223 256
222 255
228 263
227 264
226 265
225 266
224 267
223 268
222 269
221 270
220 269
219 268
218 267
217 266
216 265
215 264
214 263
213 262
212 261
211 260
210 259
209 258
208 257
207 256
206 255
212 263
211 264
210 265
209 266
208 267
207 268
206 269
205 270
204 269
203 268
202 267
201 266
200 265
199 264
198 263
197 262
196 261
195 260
194 259
193 258
192 257
191 256
190 255
190 254
190 253
190 252
190 251
190 250
190 249
189 248
188 247
187 246
186 245
185 244
184 243
183 242
182 241
181 240
181 239
181 238
181 237
181 236
181 235
181 234
181 233
181 232
181 231
181 230
181 229
181 228
181 227
181 226
180 225
182 225
183 224
184 223
185 222
186 221
187 220
188 219
189 218
190 217
191 216
192 215
193 214
194 213
195 212
195 211
195 210
195 209
195 208
194 207
193 206
192 205
191 204
190 203
189 202
188 201
187 200
186 199
185 198
184 197
184 196
184 195
184 194
184 193
184 192
184 191
184 190
184 189
184 188
184 187
184 186
184 185
184 184
184 183
184 182
185 183
186 183
187 183
188 183
189 183
190 183
191 182
192 181
193 180
194 180
195 180
196 180
197 180
198 180
199 180
200 180
201 180
202 180
203 180
204 181
192 204
193 203
194 202
195 201
196 200
197 199
198 198
199 197
198 200
199 201
200 202
201 203
202 204
203 205
204 206
205 207
206 208
207 209
208 210
209 211
210 212
205 206
206 205
207 204
208 203
209 202
210 201
211 200
212 199
213 198
214 197
213 200
214 201
215 202
216 203
217 204
218 205
219 206
220 207
221 208
222 209
223 210
224 211
225 212
225 213
225 214
225 215
225 216
225 217
225 218
225 219
225 220
225 221
225 222
225 223
225 224
225 225
225 226
226 227
220 206
221 205
222 204
223 203
224 202
225 201
226 200
227 199
228 198
229 197
228 200
229 201
230 202
231 203
232 204
233 205
234 206
235 207
236 208
237 209
238 210
239 211
240 212
240 213
240 214
240 215
240 216
240 217
240 218
240 219
240 220
240 221
240 222
240 223
240 224
240 225
240 226
241 227
235 206
236 205
237 204
238 203
239 202
240 201
241 200
242 199
243 198
244 197
243 200
244 201
245 202
246 203
247 204
248 205
249 206
250 207
251 208
252 209
253 210
254 211
255 212
255 213
255 214
255 215
255 216
255 217
255 218
255 219
255 220
255 221
255 222
255 223
255 224
255 225
255 226
256 227
250 206
251 205
252 204
253 203
254 202
255 201
256 200
257 199
258 198
259 197
259 196
259 195
259 194
259 193
259 192
259 191
259 190
259 189
259 188
259 187
259 186
259 185
259 184
260 183
261 182
261 181
262 180
263 179
264 178
265 177
266 176
267 175
268 174
258 184
257 184
256 184
255 184
254 184
253 184
252 184
251 183
250 182
249 181
248 181
247 181
246 181
245 181
244 181
243 181
242 181
241 181
240 181
239 181
238 181
237 181
236 181
235 181
234 181
233 181
232 181
231 181
230 181
229 181
228 181
258 200
259 201
260 202
261 203
262 204
263 205
264 206
265 207
266 208
267 209
268 210
269 211
270 212
270 213
270 214
270 215
270 216
270 217
270 218
270 219
270 220
270 221
270 222
270 223
270 224
270 225
270 226
271 227
272 227
273 227
274 227
275 227
276 227
277 227
278 227
279 227
280 228
281 229
282 230
283 231
284 232
285 233
286 234
286 232
287 231
288 230
289 229
290 228
291 227
292 226
293 225
294 224
295 223
296 222
297 221
298 220
299 219
300 218
300 217
300 216
300 215
300 214
300 213
300 212
300 211
300 210
300 209
300 208
300 207
300 206
300 205
300 204
300 203
300 202
300 201
300 200
300 199
300 198
300 197
300 196
300 195
300 194
300 193
300 192
300 191
300 190
300 189
300 188
300 187
300 186
300 185
300 184
300 183
300 182
300 181
300 180
300 179
300 178
300 177
300 176
300 175
300 174
300 173
300 172
300 171
300 170
300 169
300 168
300 167
300 166
300 165
300 164
300 163
300 162
300 161
300 160
300 159
300 158
300 157
300 156
300 155
300 154
300 153
300 152
300 151
300 150
300 149
300 148
300 147
300 146
300 145
300 144
300 143
300 142
300 141
300 140
300 139
300 138
300 137
300 136
300 135
300 134
300 133
300 132
300 131
300 130
300 129
301 128
301 127
301 126
301 125
301 124
301 123
301 122
301 121
301 120
301 119
301 118
301 117
301 116
301 115
301 114
301 113
302 114
303 114
304 114
305 114
306 114
307 114
308 114
309 114
310 114
311 114
312 114
313 114
314 114
315 113
316 112
317 112
318 112
319 112
320 112
321 112
322 112
323 112
324 112
325 112
326 112
327 112
328 112
329 112
330 112
331 112
332 112
333 112
334 112
335 112
336 112
337 112
338 112
339 112
340 112
341 112
342 112
343 112
344 112
345 112
346 112
347 112
348 112
349 112
350 112
351 112
352 112
353 112
354 112
355 112
356 112
357 112
358 112
359 112
360 112
361 113
362 113
363 113
364 113
365 113
366 113
367 113
368 113
369 113
370 113
371 113
372 113
373 113
374 113
375 113
376 114
377 114
378 114
379 114
380 114
381 114
382 114
383 114
384 114
385 114
386 114
387 114
388 114
389 114
390 114
391 114
390 113
390 112
390 111
390 110
390 109
390 108
390 107
390 106
390 105
391 104
392 103
393 102
394 101
395 100
396 99
396 98
396 97
396 96
396 95
396 94
396 93
396 92
396 91
396 90
396 89
396 88
396 87
396 86
396 85
396 84
396 83
396 82
396 81
396 80
396 79
396 78
396 77
396 76
396 75
396 74
396 73
396 72
396 71
396 70
396 69
396 68
396 67
396 66
396 65
396 64
396 63
396 62
396 61
396 60
397 59
398 58
399 57
400 56
401 55
402 54
400 58
401 59
402 60
403 61
404 62
405 63
406 64
407 65
408 66
409 67
410 68
411 69
407 63
408 62
409 61
410 60
411 59
412 58
413 57
414 56
415 55
416 54
417 53
413 59
414 60
415 61
416 62
417 63
418 64
419 65
420 66
421 67
422 68
395 60
394 60
393 59
392 58
391 57
395 70
394 70
393 70
392 70
391 70
390 70
389 70
388 70
387 70
386 69
385 68
384 67
383 66
382 65
381 64
380 63
379 62
378 61
377 60
376 59
380 65
379 66
378 67
377 68
376 69
375 70
374 71
373 72
372 73
371 74
371 75
371 76
371 77
371 78
371 79
371 80
371 81
371 82
371 83
370 84
369 85
372 71
371 70
370 69
369 68
368 67
367 66
366 65
365 64
364 63
363 62
362 61
361 60
360 59
364 65
363 66
362 67
361 68
360 69
359 70
358 71
357 72
356 73
355 74
355 75
355 76
355 77
355 78
355 79
355 80
355 81
355 82
355 83
355 84
355 85
355 86
355 87
355 88
355 89
356 71
355 70
354 69
353 68
352 67
351 66
350 65
349 64
348 63
347 62
346 61
345 60
344 59
344 58
344 57
344 56
344 55
344 54
344 53
344 52
343 51
342 50
341 49
340 48
339 47
338 46
337 45
336 44
336 43
336 42
336 41
336 40
336 39
336 38
336 37
336 36
335 35
334 34
333 33
332 32
339 49
338 50
337 51
336 52
335 53
334 54
333 55
332 56
331 57
330 58
329 59
344 50
345 49
346 48
347 47
348 46
349 45
350 44
351 43
352 43
353 43
354 43
355 43
356 43
357 43
358 43
359 43
360 43
361 43
362 43
363 42
364 41
365 40
366 39
367 39
368 40
369 41
370 42
371 43
372 44
364 39
363 38
362 37
361 36
360 35
359 34
358 33
357 32
356 31
355 30
354 29
353 28
348 65
347 66
346 67
345 68
344 69
343 70
342 71
341 72
340 73
339 74
339 75
339 76
339 77
339 78
339 79
339 80
339 81
339 82
340 83
397 98
398 97
399 96
400 95
401 94
402 93
403 92
404 91
405 90
406 89
407 88
408 87
409 86
410 85
411 84
403 94
404 95
405 96
406 97
407 98
408 99
394 102
395 103
396 104
397 105
398 106
399 107
400 108
401 109
402 110
403 111
404 112
405 113
406 114
407 114
408 114
409 114
410 114
411 114
412 114
413 114
414 114
415 113
416 112
417 111
418 110
419 109
420 108
421 107
420 110
421 111
422 112
423 113
424 114
425 115
426 116
427 117
428 118
429 119
430 120
431 121
432 122
427 116
428 115
429 114
430 113
431 112
432 111
433 110
434 109
435 108
436 107
435 110
436 111
437 112
438 113
439 114
440 115
441 116
442 117
443 118
444 119
445 120
446 121
447 122
442 116
443 115
444 114
445 113
446 112
447 111
448 110
449 109
450 108
451 107
450 110
451 111
452 112
453 113
454 114
455 115
456 116
457 117
458 118
459 119
460 120
461 121
462 122
462 123
462 124
462 125
462 126
462 127
462 128
462 129
462 130
462 131
462 132
463 133
464 134
465 135
466 136
467 137
468 138
469 139
470 140
471 141
472 142
473 142
474 142
475 142
476 142
477 142
478 142
479 142
480 142
481 142
482 142
483 142
484 142
485 142
486 142
487 142
488 142
489 142
490 142
491 142
492 142
493 142
494 142
495 142
496 142
497 142
498 142
499 142
500 142
501 142
502 142
503 142
504 142
505 142
506 142
507 142
508 142
509 142
510 143
511 144
512 145
513 145
514 145
515 145
516 145
517 145
518 145
519 145
520 145
521 145
522 144
523 143
465 137
464 138
463 139
462 140
461 141
460 142
459 143
457 116
458 115
459 114
460 113
461 112
462 111
463 110
464 109
465 108
466 107
465 110
466 111
467 112
468 113
469 114
470 115
471 116
472 117
473 118
474 119
475 120
476 121
477 122
472 116
473 115
474 114
475 113
476 112
477 111
478 110
479 109
480 108
481 107
480 110
481 111
482 112
483 113
484 114
485 115
486 116
487 117
488 118
489 119
490 120
491 121
492 122
487 116
488 115
489 114
490 113
491 112
492 111
493 110
494 109
495 108
496 107
495 110
496 111
497 112
498 113
499 114
500 115
501 116
502 117
503 118
504 119
505 120
506 121
507 122
502 116
503 115
504 114
505 113
506 112
507 111
508 110
509 109
510 108
511 107
510 110
511 111
512 112
513 113
514 114
515 115
516 116
517 117
518 118
519 119
520 120
521 121
522 122
517 116
518 115
519 114
520 113
521 112
522 111
523 110
524 109
525 108
526 107
525 110
526 111
527 112
528 113
529 114
530 115
531 116
532 117
533 118
534 119
535 120
536 121
537 122
537 123
537 124
537 125
538 126
539 127
540 128
541 129
542 130
543 131
544 132
532 116
533 115
534 114
535 113
536 112
537 111
538 110
539 109
540 108
541 107
540 110
541 111
542 112
543 113
544 114
545 115
546 116
547 117
548 118
549 119
550 120
551 121
552 122
547 116
548 115
549 114
550 113
551 112
552 111
553 110
554 109
555 108
556 107
557 107
558 107
559 107
560 107
561 107
562 107
563 107
564 107
565 107
566 107
567 107
568 107
569 107
570 107
571 107
570 108
570 109
570 110
570 111
570 112
571 113
572 114
573 115
574 116
575 117
576 118
577 119
578 120
579 121
580 122
580 123
580 124
580 125
580 126
580 127
580 128
580 129
580 130
580 131
580 132
580 133
580 134
580 135
580 136
581 137
581 138
581 139
581 140
581 141
581 142
581 143
581 144
581 145
581 146
581 147
581 148
581 149
580 150
579 151
578 152
578 153
578 154
578 155
578 156
578 157
578 158
578 159
578 160
578 161
578 162
578 163
578 164
579 165
580 166
581 167
581 168
581 169
581 170
581 171
581 172
581 173
581 174
581 175
581 176
581 177
581 178
581 179
581 180
581 181
581 182
581 183
581 184
581 185
581 186
581 187
581 188
581 189
580 190
579 191
578 192
577 193
576 194
575 195
574 196
573 197
573 198
573 199
573 200
573 201
573 202
573 203
573 204
573 205
573 206
573 207
573 208
573 209
574 210
575 211
576 212
576 213
576 214
576 215
576 216
576 217
576 218
576 219
576 220
576 221
576 222
576 223
576 224
576 225
576 226
576 227
576 228
576 229
576 230
576 231
576 232
576 233
576 234
576 235
576 236
576 237
576 238
576 239
576 240
576 241
576 242
576 243
576 244
576 245
576 246
576 247
576 248
576 249
576 250
576 251
576 252
576 253
576 254
576 255
576 256
576 257
576 258
576 259
576 260
576 261
576 262
576 263
576 264
576 265
576 266
576 267
576 268
576 269
576 270
576 271
576 272
576 273
576 274
576 275
576 276
576 277
576 278
576 279
576 280
576 281
576 282
576 283
576 284
576 285
576 286
575 287
575 288
575 289
575 290
575 291
575 292
575 293
575 294
575 295
575 296
575 297
575 298
575 299
575 300
575 301
575 302
575 303
575 304
575 305
575 306
575 307
575 308
575 309
575 310
575 311
575 312
575 313
575 314
575 315
575 316
575 317
575 318
575 319
575 320
575 321
575 322
575 323
575 324
575 325
575 326
575 327
575 328
575 329
575 330
575 331
575 332
575 333
575 334
575 335
575 336
575 337
575 338
575 339
575 340
575 341
575 342
575 343
575 344
575 345
575 346
575 347
575 348
575 349
575 350
575 351
575 352
575 353
575 354
575 355
575 356
576 357
577 358
578 359
579 360
580 361
581 362
581 363
581 364
581 365
581 366
581 367
581 368
581 369
581 370
581 371
581 372
581 373
581 374
581 375
581 376
581 377
581 378
581 379
581 380
581 381
581 382
581 383
581 384
581 385
581 386
581 387
581 388
581 389
580 390
579 391
578 392
578 393
578 394
578 395
578 396
578 397
578 398
578 399
578 400
578 401
578 402
578 403
578 404
579 405
580 406
581 407
577 392
576 392
575 392
574 392
573 392
572 392
571 392
570 392
569 392
568 391
567 390
566 389
565 388
564 387
563 386
582 389
583 389
584 389
585 389
586 389
587 389
588 389
589 389
590 389
591 390
592 391
593 392
593 393
593 394
593 395
593 396
593 397
593 398
593 399
593 400
593 401
593 402
593 403
593 404
594 405
595 406
596 407
590 388
590 387
590 386
590 385
590 384
590 383
591 382
592 381
593 380
594 379
595 378
596 377
595 379
596 380
597 381
598 382
599 383
600 384
601 385
602 386
603 387
604 388
605 389
606 390
607 391
608 392
609 392
610 392
611 392
612 392
613 392
614 392
615 391
616 390
617 389
618 388
619 387
620 386
621 385
622 384
623 383
623 382
623 381
623 380
623 379
623 378
623 377
623 376
623 375
624 374
625 373
626 372
627 371
616 391
617 392
618 393
619 394
620 395
621 396
622 397
623 398
623 399
623 400
623 401
623 402
623 403
623 404
623 405
623 406
623 407
623 408
623 409
623 410
624 411
625 412
626 413
625 410
626 409
627 408
628 407
629 406
630 405
631 404
632 403
633 402
634 401
635 400
636 399
637 398
638 397
638 396
638 395
638 394
638 393
639 392
640 391
641 390
642 389
643 388
644 387
645 386
646 385
633 403
634 404
635 405
636 406
637 407
638 408
639 409
640 410
641 411
579 358
580 357
581 356
582 355
583 354
584 353
585 352
586 351
587 350
588 349
589 348
590 347
586 352
587 353
588 354
589 355
590 356
591 357
592 358
593 359
594 360
595 361
596 362
592 356
593 355
594 354
595 353
596 352
597 351
598 350
599 349
600 348
601 347
602 346
603 345
604 344
605 343
606 343
607 343
608 343
609 343
610 343
611 343
612 343
613 343
614 343
615 343
616 343
617 343
618 343
619 342
620 341
618 344
618 345
618 346
619 347
620 348
621 349
622 350
623 351
624 352
625 353
626 354
627 355
628 356
625 351
626 350
627 349
628 348
629 347
630 346
631 345
632 344
633 343
602 344
601 343
600 342
599 341
598 340
597 339
596 338
595 337
594 336
593 335
592 334
591 333
590 332
592 333
593 332
594 331
595 330
596 329
597 328
598 327
599 326
600 325
601 324
602 323
603 322
604 321
605 320
576 303
577 304
578 305
579 306
580 307
581 308
582 309
583 310
584 311
585 312
586 313
587 314
588 315
589 316
590 317
576 288
577 289
578 290
579 291
580 292
581 293
582 294
583 295
584 296
585 297
586 298
587 299
588 300
589 301
590 302
591 302
592 302
593 302
594 302
595 302
596 302
597 302
598 302
599 302
600 302
601 302
602 303
603 304
604 305
605 306
606 306
607 306
608 306
609 306
610 306
611 306
612 306
613 306
614 306
615 306
616 306
617 306
618 306
619 306
620 306
619 307
619 308
619 309
619 310
619 311
619 312
619 313
619 314
620 315
621 316
622 317
623 318
624 319
625 320
619 305
619 304
620 303
621 302
622 301
623 300
624 299
625 298
577 286
578 286
579 286
580 286
581 286
582 286
583 286
584 286
585 286
586 286
587 286
588 286
589 286
590 287
589 285
589 284
589 283
589 282
589 281
589 280
589 279
589 278
589 277
589 276
589 275
589 274
590 273
591 272
592 272
593 272
594 272
595 272
596 272
597 272
598 272
599 272
600 272
601 272
602 272
603 271
604 270
605 269
606 268
607 268
608 268
609 268
610 268
611 268
612 268
613 268
614 268
615 268
616 268
617 268
618 268
619 268
620 268
621 268
620 269
620 270
620 271
620 272
620 273
620 274
620 275
620 276
620 277
620 278
621 279
622 280
623 281
624 282
625 283
624 280
625 279
626 278
627 277
628 276
629 275
630 274
631 273
632 272
633 271
602 273
602 274
602 275
602 276
602 277
602 278
602 279
602 280
603 281
604 282
605 283
577 243
578 244
579 245
580 246
581 247
582 248
583 249
584 250
585 251
586 252
587 253
588 254
589 255
590 256
591 257
577 228
578 229
579 230
580 231
581 232
582 233
583 234
584 235
585 236
586 237
587 238
588 239
589 240
590 241
591 242
592 242
593 242
594 242
595 242
596 243
597 244
598 245
599 246
600 247
601 248
602 249
577 213
578 214
579 215
580 216
581 217
582 218
583 219
584 220
585 221
586 222
587 223
588 224
589 225
590 226
591 227
592 227
593 227
594 227
595 227
596 227
597 227
598 227
599 227
600 228
601 229
602 230
603 231
604 232
605 233
606 234
607 234
608 234
609 234
610 234
611 234
612 234
613 234
614 234
615 234
616 234
617 234
618 234
619 234
620 234
621 234
620 235
620 236
620 237
620 238
620 239
620 240
620 241
620 242
620 243
620 244
621 245
622 246
623 247
624 248
625 249
622 234
623 234
624 234
625 234
626 234
627 234
628 234
629 234
630 234
631 234
632 234
633 234
581 190
582 191
583 192
584 193
585 194
586 195
587 196
588 197
588 198
588 199
588 200
588 201
588 202
588 203
588 204
588 205
588 206
588 207
588 208
588 209
589 210
590 211
591 212
592 212
593 212
594 212
595 212
596 212
597 212
598 211
599 210
600 209
601 208
602 207
603 206
604 205
605 204
606 203
607 203
608 203
609 203
610 203
611 203
612 203
613 203
614 203
615 203
616 203
617 203
618 203
619 203
620 203
621 202
621 201
621 200
621 199
621 198
621 197
621 196
621 195
621 194
622 193
623 192
624 191
625 190
626 189
627 188
628 187
628 189
629 190
630 191
631 192
632 193
633 194
634 195
635 196
636 197
620 204
620 205
620 206
620 207
620 208
620 209
620 210
620 211
620 212
620 213
620 214
621 215
622 216
623 217
606 202
606 201
606 200
605 199
604 198
603 197
602 196
597 213
598 214
599 215
600 216
601 217
602 218
585 192
586 191
587 190
588 189
589 188
590 187
591 186
592 185
593 184
594 183
595 182
596 181
577 152
576 152
575 152
574 152
573 152
572 152
571 152
570 152
569 152
568 152
567 152
566 152
565 152
564 152
563 152
562 152
561 152
560 152
559 152
558 152
557 152
556 153
555 154
554 155
553 156
552 157
551 158
550 159
550 160
550 161
550 162
550 163
550 164
550 165
550 166
550 167
550 168
549 169
548 170
547 171
553 155
552 154
551 153
550 152
549 151
548 150
547 149
546 148
562 153
563 154
564 155
565 156
566 157
582 149
583 149
584 149
585 149
586 149
587 149
588 149
589 149
590 149
591 150
592 151
593 152
594 152
595 152
596 152
597 152
598 152
599 152
600 152
601 152
602 152
603 152
604 152
605 152
606 152
607 153
608 154
607 155
606 156
605 157
604 158
603 159
602 160
601 161
600 162
599 163
598 164
597 165
596 166
608 152
609 151
610 150
611 149
612 148
613 147
614 146
615 145
616 144
617 143
618 142
619 141
620 140
621 139
622 138
623 138
624 138
625 138
626 138
627 138
628 138
629 138
630 138
631 138
632 138
633 138
634 138
635 138
636 138
637 137
616 146
617 147
618 148
619 149
620 150
621 151
622 152
623 153
623 154
623 155
623 156
623 157
623 158
623 159
623 160
623 161
623 162
623 163
623 164
623 165
624 166
625 167
626 168
625 165
626 164
627 163
628 162
629 161
630 160
631 159
632 158
633 157
634 156
635 155
636 154
637 153
638 152
638 153
639 154
640 155
641 156
642 157
643 158
644 159
590 148
590 147
590 146
590 145
590 144
590 143
591 142
592 141
593 140
594 139
595 138
596 137
576 116
577 115
578 114
579 113
580 112
581 111
582 110
583 109
584 108
585 107
586 106
584 110
585 111
586 112
587 113
588 114
589 115
590 116
591 117
592 118
593 119
594 120
595 121
592 116
593 115
594 114
595 113
596 112
597 111
598 110
599 109
600 108
601 107
390 115
390 116
390 117
390 118
390 119
390 120
390 121
391 122
392 123
393 124
394 125
376 115
376 116
376 117
376 118
376 119
376 120
376 121
376 122
377 123
378 124
379 125
360 114
359 115
358 116
357 117
356 118
355 119
354 120
353 121
352 122
351 123
350 124
349 125
357 118
358 119
359 120
360 121
361 122
362 123
363 124
364 125
330 113
330 114
330 115
330 116
330 117
330 118
330 119
330 120
330 121
330 122
330 123
331 124
332 125
299 128
298 127
297 126
296 125
295 124
294 123
293 122
292 121
291 120
290 119
289 118
288 117
287 116
286 115
285 114
284 113
283 112
282 111
281 111
280 111
279 111
278 111
277 111
276 111
275 111
274 111
273 111
272 111
271 111
270 110
269 109
268 108
267 107
270 112
269 113
268 114
267 115
266 116
265 117
264 118
263 119
262 120
261 121
260 122
262 118
261 117
260 116
259 115
258 114
257 113
256 112
255 111
254 110
253 109
252 108
251 107
254 112
253 113
252 114
251 115
250 116
249 117
248 118
247 119
246 120
245 121
244 122
246 118
245 117
244 116
243 115
242 114
241 113
240 112
239 111
238 110
237 109
236 108
235 107
238 112
237 113
236 114
235 115
234 116
233 117
232 118
231 119
230 120
229 121
228 122
230 118
229 117
228 116
227 115
226 114
225 113
224 112
223 111
222 110
221 109
220 108
219 107
222 112
221 113
220 114
219 115
218 116
217 117
216 118
215 119
214 120
213 121
212 122
214 118
213 117
212 116
211 115
210 114
209 113
208 112
207 111
206 110
205 109
204 108
203 107
206 112
205 113
204 114
203 115
202 116
201 117
200 118
199 119
198 120
197 121
196 122
198 118
197 117
196 116
195 115
194 114
193 113
192 112
191 111
190 110
189 109
188 108
187 107
190 112
189 113
188 114
187 115
186 116
185 117
184 118
183 119
182 120
181 121
180 122
182 118
181 117
180 116
179 115
178 114
177 113
176 112
175 111
174 110
173 109
172 108
171 107
174 112
173 113
172 114
171 115
170 116
169 117
168 118
167 119
166 120
165 121
164 122
166 118
165 117
164 116
163 115
162 114
161 113
160 112
159 111
158 110
157 109
156 108
155 107
158 112
157 113
156 114
155 115
154 116
153 117
152 118
151 119
150 120
149 121
148 122
152 116
151 115
150 114
149 113
148 112
147 111
146 110
145 109
144 108
143 107
267 116
268 117
269 118
270 119
271 120
272 121
273 122
274 123
275 124
283 110
284 109
285 108
286 107
287 106
288 105
289 104
290 103
291 102
292 101
293 100
294 99
295 98
296 97
297 96
298 95
299 94
300 93
301 92
301 91
301 90
301 89
301 88
301 87
301 86
301 85
300 84
299 83
298 82
297 81
296 80
295 79
294 78
293 77
293 76
293 75
293 74
293 73
293 72
293 71
293 70
293 69
292 68
291 67
290 66
289 65
288 64
287 63
286 62
294 68
295 67
296 66
297 65
298 64
299 63
300 62
301 61
301 60
301 59
301 58
301 57
301 56
301 55
301 54
300 53
299 52
298 51
297 50
296 49
295 48
294 47
293 46
302 60
303 59
304 58
305 57
306 56
307 55
308 54
309 53
310 52
311 51
312 50
313 49
307 57
308 58
309 59
310 60
311 61
312 62
313 63
314 64
301 83
302 82
303 81
304 80
305 79
306 78
307 77
308 76
303 82
304 83
305 84
306 85
307 86
308 87
309 88
310 89
311 90
312 91
296 127
295 128
294 129
293 130
292 131
291 132
290 133
289 134
288 135
287 136
286 137
285 138
284 139
283 140
282 141
281 142
281 143
281 144
281 145
281 146
281 147
281 148
281 149
281 150
280 151
279 152
278 153
277 154
276 155
275 156
274 157
273 157
272 157
271 157
270 157
269 157
268 157
267 157
266 157
265 157
264 157
263 157
262 157
261 157
260 158
259 159
258 159
257 159
256 159
255 159
254 159
253 159
252 159
251 159
250 159
249 159
248 159
247 159
246 159
245 159
244 159
243 159
242 159
241 159
240 159
239 159
238 159
237 159
236 159
235 159
234 159
233 159
232 159
231 159
230 159
229 159
228 159
227 159
226 159
225 159
224 159
223 159
222 159
221 159
220 159
219 159
218 159
217 159
216 159
215 159
214 159
213 159
212 159
211 159
210 159
209 159
208 159
207 159
206 159
205 159
204 159
203 159
202 159
201 159
200 159
199 159
198 159
197 159
196 159
195 159
194 159
193 159
192 159
191 159
190 159
189 159
188 159
187 159
186 159
185 159
184 159
185 158
185 157
185 156
185 155
185 154
185 153
185 152
185 151
185 150
185 149
185 148
185 147
185 146
184 145
183 144
186 146
187 146
188 146
189 146
190 146
191 146
192 146
193 146
194 145
195 144
196 143
197 143
198 143
199 143
200 143
201 143
202 143
203 143
204 143
205 143
206 143
207 143
208 143
209 143
210 143
211 143
212 143
213 143
214 143
215 143
216 143
217 143
218 143
219 143
220 143
221 143
222 143
223 143
224 143
225 143
226 143
227 143
228 143
229 143
230 143
231 143
232 143
261 156
261 155
261 154
261 153
261 152
261 151
261 150
261 149
261 148
261 147
260 146
259 145
258 144
257 144
256 144
255 144
254 144
253 144
252 144
251 143
250 142
276 156
277 157
278 158
279 159
280 160
281 161
282 162
301 157
302 156
303 155
304 154
305 153
306 152
307 151
308 150
309 149
310 148
311 147
312 146
313 145
314 144
315 143
308 152
309 153
310 154
311 155
312 156
313 157
314 158
315 159
316 160
317 161
318 162
319 163
320 164
321 165
322 166
322 167
322 168
322 169
322 170
322 171
322 172
322 173
322 174
322 175
322 176
322 177
322 178
322 179
322 180
322 181
323 167
324 168
325 169
326 170
327 171
328 172
329 173
330 174
331 175
332 176
333 177
334 178
335 179
336 180
337 181
317 159
318 158
319 157
320 156
321 155
322 154
323 153
324 152
325 151
326 150
327 149
328 148
329 147
330 146
324 153
325 154
326 155
327 156
328 157
329 158
330 159
331 160
332 161
333 162
334 163
335 164
336 165
337 166
332 159
333 158
334 157
335 156
336 155
337 154
338 153
339 152
340 151
341 150
342 149
343 148
344 147
345 146
346 146
347 146
348 146
349 146
350 146
351 146
352 146
353 146
354 145
355 144
356 143
339 154
340 155
341 156
342 157
343 158
344 159
345 160
346 161
347 162
348 163
349 164
350 165
351 166
352 167
352 168
352 169
352 170
352 171
352 172
352 173
352 174
352 175
352 176
352 177
352 178
352 179
352 180
352 181
352 182
353 181
354 181
355 181
356 181
357 181
358 181
359 181
360 181
361 181
362 181
363 181
364 181
365 181
366 182
367 183
353 167
354 167
355 167
356 167
357 167
358 167
359 167
360 167
361 167
362 167
363 167
364 167
365 167
366 167
367 168
368 168
369 168
370 168
371 168
372 168
373 168
374 168
375 168
376 169
377 170
378 171
379 172
380 173
381 174
382 175
382 176
382 177
382 178
382 179
382 180
382 181
382 182
383 183
384 184
385 185
386 186
387 187
388 188
389 189
390 190
391 190
392 190
393 190
394 190
395 190
396 189
397 188
398 187
399 186
400 185
401 184
402 183
403 182
404 181
405 180
405 179
405 178
405 177
405 176
405 175
406 174
407 173
408 172
409 171
398 188
399 189
400 190
401 191
402 192
403 193
404 194
405 195
405 196
405 197
405 198
405 199
405 200
405 201
406 202
407 203
408 204
409 205
410 206
411 207
412 208
413 209
414 210
414 211
414 212
414 213
414 214
414 215
414 216
415 217
416 218
417 219
418 220
419 221
420 222
421 223
422 224
423 225
423 226
423 227
423 228
423 229
423 230
423 231
423 232
423 233
423 234
424 235
425 236
426 237
427 238
428 239
429 240
429 241
429 242
429 243
429 244
429 245
429 246
429 247
429 248
429 249
429 250
429 251
429 252
430 253
431 254
432 255
432 256
432 257
432 258
432 259
432 260
432 261
432 262
432 263
432 264
432 265
432 266
432 267
432 268
432 269
433 270
433 271
433 272
433 273
433 274
433 275
433 276
433 277
433 278
433 279
433 280
433 281
433 282
433 283
433 284
433 285
433 286
433 287
433 288
433 289
433 290
433 291
433 292
433 293
433 294
433 295
433 296
433 297
432 298
431 299
430 300
430 301
430 302
430 303
430 304
430 305
430 306
430 307
430 308
430 309
430 310
430 311
429 312
428 313
427 314
426 315
426 316
426 317
426 318
426 319
426 320
426 321
426 322
426 323
425 324
424 325
423 326
422 327
421 328
420 329
419 330
419 331
419 332
418 333
417 334
416 335
415 336
414 337
413 338
412 339
411 340
410 341
409 342
408 343
407 344
406 345
405 345
404 345
403 345
402 345
401 345
400 345
399 346
398 347
397 348
396 349
395 350
394 351
393 352
392 353
391 354
390 354
389 354
388 354
387 354
386 354
385 354
384 354
383 354
382 354
381 354
380 355
379 356
378 357
377 358
376 359
375 359
374 359
373 359
372 359
371 359
370 359
369 359
368 359
367 359
366 359
365 359
364 359
363 359
362 360
361 361
360 361
359 361
358 361
357 361
356 361
355 361
354 361
353 361
352 361
351 361
350 361
349 361
348 361
347 361
346 362
346 363
346 364
346 365
346 366
346 367
346 368
346 369
346 370
347 371
348 372
349 373
350 374
351 375
352 376
353 377
353 378
353 379
353 380
353 381
353 382
353 383
353 384
353 385
353 386
353 387
353 388
353 389
353 390
353 391
353 392
353 393
353 394
353 395
353 396
353 397
353 398
353 399
353 400
353 401
353 402
353 403
353 404
353 405
353 406
353 407
352 406
351 406
350 406
349 407
348 408
347 409
346 410
345 411
344 412
343 413
342 414
341 415
340 416
339 417
338 418
337 418
336 418
335 418
334 418
333 418
332 418
331 418
330 418
329 418
328 418
327 418
326 418
325 418
324 418
323 418
322 418
321 418
320 418
319 418
318 418
317 418
316 418
315 418
314 418
313 418
312 418
311 418
310 418
309 419
308 420
308 421
308 422
308 423
308 424
308 425
308 426
308 427
308 428
307 429
306 430
305 431
304 432
303 433
323 417
322 416
321 415
320 414
319 413
318 412
317 411
316 410
315 409
314 408
313 407
312 406
311 405
310 404
309 403
308 402
307 401
306 400
305 399
304 398
303 397
324 419
324 420
324 421
324 422
324 423
324 424
324 425
324 426
324 427
324 428
323 429
338 419
338 420
338 421
338 422
338 423
338 424
338 425
338 426
338 427
338 428
338 429
344 413
345 414
346 415
347 416
348 417
349 418
350 419
351 420
352 421
353 422
353 423
353 424
353 425
353 426
353 427
353 428
353 429
353 430
353 431
353 432
353 433
354 434
355 435
356 436
357 437
345 409
344 408
343 407
342 406
341 405
340 404
339 403
338 402
337 401
336 400
335 399
335 398
335 397
334 396
333 395
332 394
331 393
354 406
355 406
356 407
357 408
358 409
359 410
360 411
361 412
362 413
363 414
364 415
365 416
366 417
367 418
368 419
369 419
370 419
371 419
372 419
373 419
374 419
375 419
376 419
377 419
378 419
379 419
380 419
381 419
382 419
383 420
383 421
383 422
383 423
384 424
385 425
386 426
387 427
388 428
389 429
390 430
391 431
392 432
393 433
394 434
395 435
395 436
395 437
395 438
395 439
395 440
395 441
395 442
395 443
395 444
395 445
395 446
395 447
395 448
395 449
395 450
394 450
393 451
392 452
391 453
390 454
389 455
388 456
387 457
386 458
385 459
384 460
383 461
382 462
381 463
380 464
379 465
378 466
377 467
376 468
375 469
374 470
373 471
372 472
372 473
372 474
372 475
372 476
372 477
372 478
372 479
372 480
372 481
372 482
372 483
372 484
372 485
371 486
370 487
370 488
370 489
370 490
370 491
370 492
370 493
370 494
370 495
370 496
370 497
370 498
370 499
370 500
370 501
371 502
372 470
371 469
370 468
369 467
368 466
367 465
366 464
365 463
364 462
363 461
362 460
361 459
360 458
359 457
358 457
357 457
356 457
355 457
354 457
353 456
352 455
351 454
350 453
349 452
364 464
363 465
362 466
361 467
360 468
359 469
358 470
357 471
356 472
355 472
354 472
353 472
352 472
351 472
350 472
349 472
348 472
347 471
346 470
345 469
344 468
343 467
342 466
341 465
347 473
346 474
345 475
344 476
343 477
342 478
341 479
340 480
345 477
346 478
347 479
348 480
349 481
350 482
351 483
352 484
353 485
354 486
355 487
350 484
349 485
348 486
347 487
346 488
345 489
344 490
343 491
342 492
341 493
340 494
339 495
338 495
337 495
336 495
335 495
334 495
333 495
332 495
331 494
330 493
329 492
328 491
327 490
326 489
325 488
324 487
323 486
322 485
321 484
320 483
319 482
318 481
317 480
316 479
315 478
314 477
313 476
313 475
313 474
313 473
313 472
313 471
313 470
313 469
313 468
313 467
313 466
313 465
312 464
311 463
310 462
309 461
308 460
307 459
306 458
306 457
306 456
307 455
308 454
309 453
310 452
311 451
312 450
313 449
305 457
304 456
303 455
302 454
301 453
300 452
299 451
318 483
317 484
316 485
315 486
314 487
313 488
312 489
311 490
310 491
310 489
309 488
308 487
307 486
306 485
305 484
304 483
303 482
302 481
301 480
300 479
299 478
298 477
297 476
297 475
296 474
295 473
294 472
293 471
292 470
291 469
290 468
289 467
288 466
287 465
302 483
301 484
300 485
299 486
298 487
297 488
296 489
295 490
294 491
323 485
324 484
325 483
339 496
339 497
339 498
339 499
339 500
339 501
338 502
337 503
336 504
335 505
334 506
333 507
344 492
345 493
346 494
347 495
348 496
349 497
350 498
351 499
352 500
353 501
354 502
354 503
354 504
354 505
354 506
354 507
354 508
354 509
354 510
354 511
354 512
354 513
354 514
354 515
353 516
352 517
367 463
368 462
369 461
370 460
382 464
383 465
384 466
385 467
386 468
387 469
388 470
389 471
390 472
391 473
392 474
393 475
394 476
395 477
395 478
395 479
395 480
395 481
395 482
395 483
395 484
395 485
396 486
397 487
398 488
399 489
400 490
401 491
402 492
399 488
400 487
401 486
402 485
403 484
404 483
405 482
406 481
407 480
408 479
409 478
410 477
406 483
407 484
408 485
409 486
410 487
411 488
412 489
413 490
414 491
415 492
416 493
393 476
392 477
391 478
390 479
389 480
388 481
387 482
389 469
390 468
391 467
392 466
393 465
396 449
397 449
398 449
399 450
400 451
401 452
402 453
403 454
404 455
405 456
406 457
407 458
408 459
396 435
397 435
398 434
399 433
400 432
401 431
402 430
403 429
404 428
405 427
406 426
407 425
408 424
409 423
410 422
411 422
412 422
413 422
414 422
415 422
416 422
417 422
418 422
419 422
420 422
421 422
422 422
423 422
424 422
425 422
426 422
427 422
428 422
429 422
430 422
431 422
432 422
433 422
434 422
435 422
436 422
437 422
438 422
439 421
440 420
441 420
442 420
443 420
444 420
445 420
446 420
447 420
448 420
449 420
450 420
451 420
452 420
453 420
454 420
455 420
456 420
457 420
458 420
459 420
460 420
461 420
462 420
463 420
464 420
465 420
466 420
467 420
468 420
469 420
470 420
471 420
472 420
473 420
474 420
475 420
476 420
477 420
478 420
479 420
480 420
481 420
482 420
483 420
484 420
485 420
486 420
487 420
488 420
489 420
490 420
491 420
492 420
493 420
494 420
495 420
496 420
497 420
498 420
499 420
500 421
501 421
502 421
503 421
504 421
505 421
506 421
507 421
508 421
509 421
510 421
511 421
512 421
513 421
514 421
515 421
516 421
517 421
518 421
519 421
520 421
521 421
522 421
523 421
524 421
525 421
526 421
527 421
528 421
529 421
530 421
531 421
532 421
533 421
534 421
535 421
536 421
537 421
538 421
539 421
540 421
541 421
542 421
543 421
544 421
545 421
546 421
547 421
548 421
549 421
550 421
551 421
552 422
553 423
554 424
555 425
556 426
557 427
558 428
559 429
560 430
561 430
562 430
563 430
564 430
565 430
566 430
567 430
568 430
569 430
570 430
571 430
572 430
573 430
574 430
575 430
576 430
577 430
578 430
579 430
580 430
581 430
582 430
583 429
584 428
585 427
586 426
587 425
588 424
589 423
590 422
591 422
592 422
593 422
594 422
595 422
596 422
597 422
598 422
599 422
600 422
601 422
602 422
603 422
604 423
583 430
584 431
585 432
586 433
587 434
588 435
589 436
590 437
591 437
592 437
593 437
594 437
595 437
596 437
597 437
598 437
599 437
600 437
601 437
602 437
603 437
604 438
588 437
587 438
586 439
585 440
584 441
583 442
582 443
581 444
531 422
532 423
533 424
534 425
535 426
536 427
537 428
538 429
539 430
540 431
541 432
542 433
543 434
544 435
545 436
516 422
517 423
518 424
519 425
520 426
521 427
522 428
523 429
524 430
525 431
526 432
527 433
528 434
529 435
530 436
501 422
502 423
503 424
504 425
505 426
506 427
507 428
508 429
509 430
510 431
511 432
512 433
513 434
514 435
515 436
484 419
485 418
486 417
487 416
488 415
489 414
490 413
491 412
492 411
493 410
494 409
495 408
496 407
497 406
498 405
499 404
500 404
501 404
502 404
503 404
504 404
505 404
506 404
507 404
508 404
509 404
510 404
511 403
512 402
513 401
514 400
515 400
516 400
517 400
518 400
519 400
520 400
521 400
522 400
523 401
491 410
490 409
489 408
488 407
487 406
486 405
485 404
484 403
483 403
482 403
481 403
480 403
479 403
478 403
477 403
476 403
475 402
474 401
473 400
472 399
476 401
477 400
478 399
479 398
480 397
481 396
482 395
483 394
484 393
485 392
486 391
487 390
488 389
489 388
490 388
491 388
492 388
493 388
494 388
495 387
496 386
497 385
498 384
499 383
500 382
487 388
486 387
485 386
484 385
483 384
471 421
472 422
473 423
474 424
475 425
476 426
477 427
478 428
479 429
480 430
481 431
482 432
483 433
484 434
485 435
486 435
487 435
488 435
489 435
490 435
491 435
492 435
493 435
494 435
495 435
496 435
497 435
498 435
499 435
500 436
456 421
457 422
458 423
459 424
460 425
461 426
462 427
463 428
464 429
465 430
466 431
467 432
468 433
469 434
470 435
441 421
442 422
443 423
444 424
445 425
446 426
447 427
448 428
449 429
450 430
451 431
452 432
453 433
454 434
455 435
438 423
438 424
438 425
438 426
438 427
438 428
438 429
438 430
438 431
438 432
438 433
439 434
440 435
411 423
412 424
413 425
414 426
415 427
416 428
417 429
418 430
419 431
420 432
421 433
422 434
423 435
424 436
425 437
404 426
403 425
402 424
401 423
400 422
399 421
398 420
398 419
398 418
398 417
398 416
398 415
398 414
398 413
398 412
398 411
399 410
400 409
401 408
402 407
403 406
404 405
403 430
404 431
405 432
406 433
407 434
408 435
409 436
410 437
382 421
381 422
380 423
379 424
378 425
377 426
376 427
375 428
374 429
373 430
372 431
362 411
363 410
364 409
365 408
366 407
367 406
368 405
369 404
370 403
371 402
372 401
372 400
373 399
374 398
375 397
376 396
377 395
378 394
345 370
344 370
343 371
342 372
341 373
340 374
339 375
338 376
345 362
344 362
343 362
342 362
341 362
340 362
339 362
338 362
337 362
336 363
335 364
334 365
333 366
332 367
331 368
330 368
329 368
328 368
327 368
326 368
325 368
324 368
323 368
322 368
321 368
361 362
361 363
361 364
361 365
361 366
361 367
361 368
361 369
362 370
363 371
364 372
365 373
366 374
367 375
368 376
369 376
370 376
371 376
372 376
373 376
374 376
375 375
376 374
393 353
394 354
395 355
396 356
397 357
398 358
399 359
400 360
401 361
402 362
403 363
404 364
405 365
405 366
405 367
405 368
405 369
405 370
406 371
407 372
408 373
409 374
399 360
398 361
397 362
396 363
395 364
394 365
393 366
392 367
391 368
390 369
414 338
415 339
416 340
417 341
418 342
419 343
420 344
421 345
421 346
421 347
421 348
422 349
423 350
424 351
425 352
426 353
427 354
428 355
429 356
430 357
431 358
432 359
433 360
433 361
433 362
433 363
433 364
433 365
433 366
433 367
433 368
433 369
433 370
433 371
433 372
433 373
433 374
433 375
433 376
433 377
433 378
433 379
433 380
433 381
433 382
433 383
433 384
433 385
433 386
433 387
433 388
432 389
431 390
431 391
432 392
433 393
434 394
435 395
436 396
437 397
438 398
439 399
440 400
441 401
442 402
443 403
437 399
436 400
435 401
434 402
433 403
432 404
431 405
436 395
437 394
438 393
439 392
440 391
441 390
442 389
443 388
444 388
445 388
446 388
447 388
448 388
449 388
450 388
451 388
452 387
453 386
454 385
455 384
456 384
457 384
458 384
459 384
460 384
461 384
462 384
463 384
464 384
465 384
466 384
451 389
451 390
451 391
451 392
451 393
451 394
451 395
452 396
453 397
454 398
455 399
434 360
435 361
436 362
437 363
438 364
439 365
440 366
441 367
442 368
443 369
428 353
429 352
430 351
431 350
432 349
433 348
434 347
435 346
436 345
437 345
438 345
439 345
440 345
441 345
442 345
443 345
444 345
445 345
446 344
447 343
448 342
449 341
450 340
451 339
452 339
453 339
454 339
455 339
456 339
457 339
458 339
459 339
460 339
461 339
462 339
463 339
464 339
465 339
466 339
465 340
465 341
465 342
465 343
465 344
465 345
465 346
465 347
465 348
465 349
466 350
467 351
468 352
469 353
470 354
470 355
470 356
470 357
470 358
470 359
470 360
470 361
470 362
470 363
470 364
470 365
470 366
470 367
469 368
468 369
471 367
472 367
473 367
474 367
475 367
476 367
477 368
478 369
469 351
470 350
471 349
472 348
473 347
474 346
475 345
476 344
477 343
478 342
479 341
480 340
481 339
476 345
477 346
478 347
479 348
480 349
481 350
482 351
483 352
484 353
485 354
484 351
485 350
486 349
487 348
488 347
489 346
490 345
491 344
492 343
493 342
494 341
495 340
496 339
491 345
492 346
493 347
494 348
495 349
496 350
497 351
498 352
499 353
500 354
501 355
502 356
503 357
504 358
505 359
506 360
507 361
508 362
509 363
510 364
511 365
512 366
513 367
514 368
515 369
503 359
502 360
501 361
500 362
499 363
498 364
497 365
496 366
495 367
494 368
493 369
499 351
500 350
501 349
502 348
503 347
504 346
505 345
506 344
507 343
508 342
509 341
510 340
511 339
512 339
513 339
514 339
515 339
516 339
517 339
518 339
519 339
520 339
521 339
522 339
523 339
524 339
525 339
526 339
527 339
528 339
529 338
530 337
531 336
532 335
533 334
534 333
535 332
536 331
537 330
538 329
539 328
540 327
541 326
534 334
535 335
536 336
537 337
538 338
539 339
540 340
541 341
541 342
541 343
541 344
541 345
541 346
541 347
541 348
541 349
541 350
541 351
541 352
541 353
541 354
541 355
541 356
541 357
541 358
541 359
541 360
541 361
541 362
541 363
541 364
541 365
541 366
541 367
541 368
541 369
541 370
541 371
541 372
541 373
541 374
541 375
542 376
543 377
544 378
545 379
546 380
547 381
548 382
540 376
539 377
538 378
537 379
536 380
535 381
534 382
533 383
532 384
531 385
530 386
529 386
528 386
527 386
526 386
525 386
524 386
523 386
522 386
521 386
520 386
519 386
518 385
517 384
533 384
534 385
535 386
536 387
537 388
538 389
539 390
540 391
541 392
542 393
543 394
544 395
545 396
546 397
542 369
543 368
544 367
542 341
543 341
544 341
545 341
546 341
547 341
548 341
549 341
550 342
551 343
552 344
553 345
554 346
555 347
556 348
549 340
549 339
549 338
549 337
549 336
550 335
551 334
552 333
506 345
507 346
508 347
509 348
510 349
511 350
512 351
513 352
514 353
515 354
516 354
517 354
518 354
519 354
520 354
521 354
522 354
523 354
524 354
525 354
526 353
445 346
445 347
445 348
445 349
446 350
447 351
448 352
449 353
450 354
427 323
428 324
429 325
430 326
431 327
432 328
433 329
434 330
431 311
432 311
433 311
434 311
435 311
436 311
437 311
438 312
439 313
440 314
441 315
434 297
435 297
436 297
437 297
438 297
439 297
440 297
441 297
442 297
443 298
444 299
445 300
446 300
447 300
448 300
449 300
450 300
451 300
452 300
453 300
454 300
455 300
456 300
457 299
458 298
459 297
460 296
461 296
462 296
463 296
464 296
465 296
466 296
467 296
468 296
469 296
470 296
471 296
472 296
473 296
474 296
475 295
476 295
477 295
478 295
479 295
480 295
481 295
482 295
483 295
484 295
485 295
486 296
487 297
488 298
489 299
490 300
491 300
492 300
493 300
494 300
495 300
496 300
497 300
498 300
499 300
500 300
501 300
502 300
503 300
504 300
505 301
504 299
504 298
504 297
504 296
504 295
504 294
504 293
504 292
505 291
506 290
507 289
508 288
509 287
510 286
508 289
509 290
510 291
511 292
512 293
513 294
514 295
515 296
516 297
517 298
518 299
519 300
520 301
521 301
522 301
523 301
524 301
525 301
526 301
527 301
528 301
529 301
530 301
531 300
532 299
533 298
534 297
535 296
530 302
531 303
532 304
533 305
534 306
535 307
536 308
537 309
538 310
539 311
538 308
539 307
540 306
541 305
542 304
543 303
544 302
545 301
546 300
547 299
548 298
549 297
550 296
550 295
550 294
550 293
550 292
550 291
550 290
550 289
550 288
550 287
551 286
552 285
544 303
545 304
546 305
547 306
548 307
549 308
550 309
551 310
552 311
512 292
513 291
514 290
515 289
516 288
517 287
518 286
519 285
505 290
504 289
503 288
502 287
501 286
500 285
499 284
498 283
497 282
496 281
495 280
474 297
474 298
474 299
474 300
474 301
474 302
474 303
474 304
474 305
474 306
474 307
474 308
474 309
475 310
476 310
477 310
478 310
479 310
480 310
481 310
482 310
483 310
484 310
485 310
486 311
487 312
488 313
489 314
490 315
491 315
492 315
493 315
494 315
495 315
496 315
497 315
498 315
499 315
500 315
501 315
502 315
503 315
504 315
505 316
506 316
507 316
508 316
509 316
510 316
511 316
512 316
513 316
514 316
515 316
516 316
517 317
518 318
519 319
520 320
475 311
475 312
475 313
475 314
475 315
475 316
475 317
475 318
475 319
475 320
475 321
456 301
456 302
456 303
456 304
456 305
456 306
456 307
457 308
458 309
459 310
460 311
460 312
460 313
460 314
460 315
460 316
460 317
460 318
460 319
460 320
460 321
433 255
434 255
435 255
436 254
437 253
438 252
439 251
440 250
441 249
442 248
443 247
444 246
445 245
446 244
447 243
447 242
447 241
448 240
449 239
450 238
451 237
452 236
453 235
454 234
455 233
456 232
457 231
458 230
459 229
460 228
454 235
455 236
456 237
457 238
458 239
459 240
460 241
461 242
462 243
462 241
463 240
464 239
465 238
466 237
467 236
468 235
469 234
470 233
471 232
472 231
473 230
474 229
475 228
469 235
470 236
471 237
472 238
473 239
474 240
475 241
476 242
477 243
477 241
478 240
479 239
480 238
481 237
482 236
483 235
484 234
485 233
486 232
487 231
488 230
489 229
490 228
484 235
485 236
486 237
487 238
488 239
489 240
490 241
491 242
492 243
492 241
493 240
494 239
495 238
496 237
497 236
498 235
499 234
500 233
501 232
502 231
503 230
504 229
505 228
499 235
500 236
501 237
502 238
503 239
504 240
505 241
506 242
507 243
507 241
508 240
509 239
510 238
511 237
512 236
513 235
514 234
515 233
516 232
517 231
518 230
519 229
520 228
514 235
515 236
516 237
517 238
518 239
519 240
520 241
521 242
522 243
523 243
524 243
525 243
526 243
527 243
528 243
529 243
530 243
531 243
532 243
533 243
534 243
535 243
536 242
537 241
535 244
535 245
535 246
535 247
535 248
535 249
535 250
535 251
535 252
536 253
537 254
538 255
539 256
540 257
541 258
542 259
543 260
544 261
545 262
546 263
547 264
548 265
549 266
550 267
551 268
552 269
553 270
539 254
540 253
541 252
542 251
543 250
544 249
545 248
546 247
547 246
548 245
549 244
550 243
551 242
552 241
546 248
547 249
548 250
549 251
550 252
551 253
552 254
553 255
442 249
443 250
444 251
445 252
446 253
447 254
436 256
437 257
438 258
439 259
440 260
441 261
442 262
443 263
444 264
445 265
446 266
447 267
448 268
449 268
450 268
451 268
452 268
453 268
454 267
455 266
456 265
457 264
458 263
459 262
460 261
461 260
462 259
463 258
464 258
465 258
466 258
467 258
468 258
469 259
470 260
471 261
472 262
473 263
474 264
475 265
476 266
477 267
478 268
479 268
480 268
481 268
482 268
483 268
484 268
485 268
486 268
487 268
488 268
489 268
490 268
491 268
492 268
493 267
494 267
495 267
496 267
497 267
498 267
499 267
500 267
501 267
502 267
503 267
504 266
505 265
506 264
507 263
508 262
509 262
510 262
511 262
512 262
513 262
514 262
515 262
516 263
517 264
518 265
519 266
520 267
521 268
522 269
523 270
524 270
525 270
526 270
527 270
528 270
529 270
530 270
531 270
532 270
533 270
534 270
535 270
536 270
537 270
538 271
538 272
538 273
538 274
538 275
538 276
538 277
538 278
538 279
538 280
537 281
517 262
518 261
519 260
520 259
521 258
522 257
523 256
504 267
505 268
506 269
507 270
508 271
478 269
478 270
478 271
478 272
478 273
478 274
478 275
478 276
478 277
478 278
478 279
478 280
472 260
473 259
474 258
475 257
476 256
477 255
478 254
456 266
457 267
458 268
459 269
460 270
461 271
462 272
463 273
459 271
458 272
457 273
456 274
455 275
454 276
453 277
452 278
451 279
450 280
449 281
448 282
457 275
458 276
459 277
460 278
461 279
462 280
463 281
419 219
420 218
421 217
422 216
423 215
424 214
425 213
426 212
427 211
428 210
429 209
427 213
428 214
429 215
430 216
431 217
432 218
433 219
434 220
435 221
436 222
437 223
438 224
432 216
433 215
434 214
435 213
436 212
437 211
438 210
439 209
440 208
441 207
442 206
443 205
444 204
444 203
444 202
444 201
444 200
443 199
442 198
441 197
440 196
439 195
438 194
437 193
436 192
435 191
434 190
433 189
433 188
433 187
433 186
433 185
433 184
433 183
433 182
433 181
433 180
433 179
433 178
433 177
433 176
433 175
433 174
433 173
433 172
433 171
433 170
433 169
433 168
433 167
433 166
433 165
433 164
433 163
433 162
433 161
433 160
432 159
432 158
432 157
432 156
432 155
432 154
432 153
432 152
432 151
432 150
432 149
432 148
432 147
432 146
431 145
430 144
433 146
434 146
435 146
436 146
437 146
438 146
439 145
440 144
441 143
442 142
440 145
441 146
442 147
443 148
444 149
445 150
446 151
447 152
448 153
449 154
450 155
451 156
452 157
453 158
454 159
455 160
456 160
457 160
458 160
459 160
460 160
461 160
462 160
463 160
464 160
465 159
466 158
467 157
468 157
469 157
470 157
471 157
472 157
473 157
474 157
475 157
476 157
477 157
447 154
446 155
445 156
444 157
434 175
435 175
436 175
437 175
438 175
439 174
440 173
441 172
439 194
440 193
441 192
442 191
443 190
444 189
445 204
446 204
447 204
448 204
449 203
450 202
451 201
452 200
453 199
454 198
455 197
456 196
457 195
458 194
459 193
459 192
459 191
459 190
459 189
459 188
460 187
461 186
462 185
463 184
464 183
465 182
466 181
467 180
468 179
469 178
465 184
466 185
467 186
468 187
469 188
470 189
471 190
472 191
473 192
474 193
474 194
474 195
474 196
474 197
474 198
474 199
474 200
474 201
474 202
474 203
474 204
474 205
472 189
473 188
474 187
475 186
476 185
477 184
478 183
479 182
480 181
481 180
482 179
483 178
484 177
480 183
481 184
482 185
483 186
484 187
485 188
486 189
487 190
488 191
489 192
489 193
489 194
489 195
489 196
489 197
489 198
489 199
489 200
489 201
489 202
489 203
489 204
489 205
487 188
488 187
489 186
490 185
491 184
492 183
493 182
494 181
495 180
496 179
497 178
498 177
499 176
495 182
496 183
497 184
498 185
499 186
500 187
501 188
502 189
503 190
504 191
505 191
506 191
507 191
508 191
509 191
510 191
511 191
512 191
513 191
514 191
515 191
516 191
517 192
518 193
519 194
520 194
521 194
522 194
523 194
524 194
525 194
526 194
527 194
528 194
529 194
530 194
531 194
532 194
533 194
534 194
533 195
533 196
533 197
533 198
533 199
533 200
533 201
533 202
533 203
534 204
535 205
536 206
537 207
538 208
539 209
539 210
539 211
539 212
539 213
539 214
539 215
539 216
539 217
539 218
539 219
539 220
539 221
539 222
539 223
539 224
540 223
541 223
542 223
543 223
544 223
545 223
546 223
547 223
548 223
549 223
550 223
551 224
552 225
553 226
537 205
538 204
539 203
540 202
541 201
542 200
543 199
544 198
545 197
546 196
547 195
548 194
549 193
544 199
545 200
546 201
547 202
548 203
549 204
550 205
551 206
552 207
553 208
551 204
552 203
553 202
554 201
555 200
556 199
557 198
558 197
516 193
515 194
514 195
513 196
512 197
511 198
510 199
509 200
508 201
507 202
506 203
505 204
504 205
512 198
513 199
514 200
515 201
516 202
517 203
518 204
519 205
502 188
503 187
504 186
505 185
506 184
507 183
508 182
509 181
510 180
511 179
512 178
513 177
514 176
514 175
514 174
514 173
515 172
516 171
517 170
518 169
519 168
520 167
521 166
522 165
523 164
524 163
525 162
526 161
527 160
528 159
529 158
520 165
519 164
518 163
517 162
516 161
514 171
513 170
512 169
511 168
510 167
509 166
508 165
507 164
506 163
505 162
504 161
503 161
502 161
501 161
500 161
499 161
498 161
497 160
496 159
495 158
494 157
454 200
455 201
456 202
457 203
458 204
459 205
411 205
412 204
413 203
414 202
415 201
416 200
417 199
418 198
419 197
420 196
366 166
366 165
366 164
366 163
366 162
367 161
368 160
369 159
370 158
371 157
372 156
373 155
374 154
375 153
376 152
377 151
378 150
379 150
380 150
381 150
382 150
383 150
384 150
385 150
386 150
387 149
388 148
389 147
390 146
391 145
392 144
393 143
394 143
395 143
396 143
397 143
398 143
399 143
400 143
401 143
402 143
403 143
404 143
405 143
406 143
407 143
408 143
409 144
410 145
411 146
412 147
413 148
414 149
415 150
378 149
378 148
378 147
377 146
376 145
375 144
374 143
294 226
295 227
296 228
297 229
298 230
299 231
300 232
301 233
302 233
303 233
304 233
305 233
306 233
307 233
308 233
309 233
310 233
311 233
312 233
313 233
314 233
315 233
316 232
316 231
316 230
316 229
316 228
316 227
316 226
316 225
316 224
316 223
317 222
318 221
319 220
320 219
321 218
322 217
320 221
321 222
322 223
323 224
324 225
325 226
326 227
327 228
328 229
329 230
330 231
331 232
327 226
328 225
329 224
330 223
331 222
332 221
333 220
334 219
335 218
336 217
337 216
336 215
335 214
334 213
333 212
332 211
331 210
330 209
329 208
328 207
327 206
326 205
325 204
324 203
323 202
331 208
332 207
333 206
334 205
335 204
336 203
337 202
338 201
335 220
336 221
337 222
338 223
339 224
340 225
341 226
342 227
343 228
344 229
345 230
346 231
342 225
343 224
344 223
345 222
346 221
347 220
348 219
349 218
350 217
351 216
352 215
352 214
352 213
352 212
352 211
352 210
352 209
352 208
352 207
352 206
352 205
352 204
352 203
353 202
350 219
351 220
352 221
353 222
354 223
355 224
356 225
357 226
358 227
359 228
360 229
361 230
361 231
361 232
361 233
361 234
361 235
361 236
361 237
361 238
361 239
361 240
361 241
361 242
361 243
362 244
363 245
364 245
365 246
366 247
367 248
368 249
369 250
370 251
371 252
372 253
373 254
374 255
375 256
376 257
377 258
378 259
357 224
358 223
359 222
360 221
361 220
362 219
363 218
364 217
365 216
366 215
367 214
367 213
367 212
367 211
367 210
367 209
367 208
367 207
367 206
367 205
368 204
365 218
366 219
367 220
368 221
369 222
370 223
371 224
372 225
373 226
374 227
375 228
376 229
376 230
376 231
376 232
376 233
376 234
376 235
376 236
376 237
376 238
376 239
376 240
376 241
376 242
377 243
378 244
379 244
380 245
381 246
382 247
383 248
384 249
385 250
386 251
387 252
388 253
389 254
390 255
391 256
392 257
393 258
394 258
395 258
396 258
397 258
398 258
399 258
400 258
401 258
402 258
403 259
404 260
405 261
406 262
407 263
408 264
372 223
373 222
374 221
375 220
376 219
377 218
378 217
379 216
380 215
381 214
382 213
380 217
381 218
382 219
383 220
384 221
385 222
386 223
387 224
388 225
389 226
390 227
391 228
391 229
391 230
391 231
391 232
391 233
391 234
391 235
391 236
391 237
391 238
391 239
391 240
391 241
392 242
393 243
394 243
395 243
396 243
397 243
398 243
399 243
400 243
401 243
402 243
403 244
404 245
405 246
406 247
407 248
408 249
402 242
402 241
402 240
402 239
402 238
402 237
403 236
404 235
405 234
390 225
391 224
392 223
393 222
394 221
395 220
396 219
282 231
281 232
280 233
279 234
278 235
277 236
276 237
275 238
274 239
273 240
272 241
271 242
279 226
279 225
280 224
281 223
282 222
265 206
266 205
267 204
268 203
269 202
270 201
271 200
272 199
273 198
274 197
274 196
274 195
274 194
274 193
274 192
274 191
274 190
275 189
276 188
277 187
278 186
279 185
280 184
281 183
282 182
275 197
276 198
277 199
278 200
279 201
280 202
281 203
282 204
283 205
284 206
285 207
189 216
188 215
187 214
186 213
185 212
184 211
183 210
189 219
190 220
191 221
192 222
193 223
194 224
195 225
189 246
190 245
191 244
192 243
193 242
194 241
195 240
196 239
197 239
198 239
199 239
200 238
201 237
202 236
203 235
204 234
205 233
206 232
207 231
208 230
209 229
210 228
211 227
204 235
205 236
206 237
207 238
208 239
209 240
210 241
211 242
196 263
195 264
194 265
193 266
192 267
191 268
190 269
189 270
188 270
187 269
186 268
185 267
184 266
183 265
182 264
181 263
180 262
179 261
178 260
177 259
176 258
175 257
174 256
180 264
179 265
178 266
177 267
176 268
175 269
174 270
173 271
172 270
171 269
170 268
169 267
168 266
167 265
166 264
165 263
164 262
163 261
162 260
161 259
160 258
159 257
158 256
158 255
158 254
158 253
158 252
158 251
158 250
158 249
158 248
158 247
158 246
158 245
158 244
157 243
156 242
155 241
155 240
155 239
155 238
155 237
155 236
155 235
155 234
155 233
155 232
155 231
155 230
155 229
154 228
153 227
152 226
152 225
152 224
152 223
152 222
152 221
152 220
152 219
152 218
152 217
152 216
152 215
152 214
152 213
152 212
152 211
152 210
152 209
152 208
152 207
152 206
152 205
152 204
152 203
152 202
152 201
152 200
152 199
152 198
152 197
152 196
152 195
152 194
152 193
152 192
152 191
152 190
152 189
152 188
152 187
152 186
152 185
153 184
154 183
155 182
156 181
156 180
156 179
156 178
156 177
156 176
156 175
156 174
156 173
156 172
156 171
156 170
156 169
156 168
156 167
156 166
156 165
156 164
156 163
156 162
156 161
156 160
156 159
156 158
156 157
156 156
156 155
156 154
156 153
156 152
156 151
157 152
158 152
159 151
160 150
161 149
162 148
163 147
164 146
165 145
166 144
167 143
168 142
160 152
161 153
162 154
163 155
164 156
165 157
157 181
158 181
159 181
160 181
161 181
162 181
163 181
164 181
165 181
166 181
167 182
168 183
169 184
151 184
150 183
149 182
148 181
147 180
146 179
145 178
144 177
143 176
142 175
141 174
140 173
139 172
138 171
137 170
136 169
135 168
134 167
133 166
132 165
131 164
130 163
129 162
128 161
127 160
126 159
125 158
124 157
123 156
122 155
121 154
120 153
119 152
118 152
117 152
116 152
115 152
114 152
113 152
112 152
111 151
110 150
109 149
108 148
107 147
106 146
105 145
104 144
103 144
102 145
101 146
100 147
99 148
98 149
97 150
96 151
95 152
94 153
93 154
92 155
91 156
90 157
89 158
88 159
87 160
95 151
94 150
93 149
92 148
91 147
90 146
89 145
88 144
87 143
86 143
85 143
84 143
83 143
82 143
81 143
80 143
79 143
78 143
77 143
76 142
75 141
74 140
73 139
72 138
71 137
76 144
75 145
74 146
73 147
72 148
71 149
70 150
69 151
68 152
104 143
104 142
104 141
104 140
104 139
104 138
104 137
104 136
103 135
102 134
101 133
100 132
109 147
110 146
111 145
112 144
113 143
114 142
115 141
116 140
117 139
118 138
119 137
119 136
119 135
119 134
119 133
119 132
119 131
119 130
119 129
119 128
119 127
119 126
119 125
119 124
118 123
117 122
117 121
117 120
117 119
117 118
117 117
117 116
117 115
117 114
117 113
117 112
117 111
117 110
117 109
117 108
116 107
115 108
114 109
113 110
112 111
111 112
110 113
109 114
108 115
107 116
118 108
119 108
120 108
121 108
122 108
123 108
124 108
125 107
126 106
127 105
120 124
121 124
122 124
123 124
124 123
125 122
126 121
127 120
110 152
109 153
108 154
107 155
106 156
105 157
104 158
103 159
125 160
124 161
123 162
122 163
121 164
120 165
119 166
118 167
127 158
128 157
129 156
130 155
131 154
132 153
133 152
134 151
141 176
140 177
139 178
138 179
137 180
136 181
135 182
134 183
133 183
132 183
131 183
130 183
129 183
128 183
127 183
126 183
125 183
124 183
123 183
122 183
121 183
120 183
119 183
118 183
117 183
116 183
115 183
114 183
113 183
112 183
111 183
110 183
109 183
108 183
107 183
106 183
105 183
104 184
103 184
102 184
101 184
100 184
99 184
98 184
97 184
96 184
95 184
94 184
93 184
92 184
91 184
90 184
89 184
88 184
87 184
86 183
85 183
84 183
83 183
82 183
81 183
80 183
79 183
78 183
77 183
76 183
75 183
74 183
73 183
72 183
71 183
70 183
69 183
68 183
67 183
66 183
65 183
64 183
63 183
62 183
61 183
60 183
59 183
58 183
57 183
56 183
55 183
54 183
53 183
52 183
51 183
50 183
49 183
48 183
47 183
46 183
45 183
44 183
43 183
42 183
41 183
40 183
39 183
38 183
37 183
36 182
35 181
34 180
33 179
32 178
31 177
30 176
31 175
32 174
33 173
34 172
35 171
36 170
37 169
38 168
39 167
40 166
41 165
42 164
43 163
44 162
45 161
46 160
47 159
48 158
49 157
50 156
51 155
52 154
53 153
53 152
53 151
53 150
53 149
53 148
53 147
53 146
53 145
53 144
53 143
54 142
55 141
42 162
41 161
40 160
39 159
38 158
37 184
37 185
37 186
37 187
37 188
37 189
37 190
37 191
37 192
36 193
35 194
34 195
33 196
32 197
31 198
30 199
29 200
28 201
27 202
26 203
25 204
24 205
23 206
22 207
21 208
20 209
20 210
20 211
20 212
20 213
21 214
22 215
25 206
26 207
27 208
28 209
29 210
30 211
31 212
32 213
33 214
34 215
29 198
28 197
27 196
26 195
25 194
24 193
23 192
22 191
21 190
20 189
33 198
34 199
35 200
36 194
37 195
38 196
39 197
40 198
41 199
42 200
43 201
44 202
45 203
46 204
47 205
48 206
49 207
50 207
51 207
52 207
53 207
54 207
55 207
56 206
57 205
58 204
59 203
60 202
61 201
62 200
61 203
62 204
63 205
64 206
65 207
66 208
67 209
68 210
69 211
70 212
71 213
72 214
65 205
66 204
67 203
68 202
69 201
70 200
71 199
72 198
104 185
104 186
104 187
104 188
104 189
104 190
104 191
104 192
104 193
104 194
104 195
104 196
104 197
104 198
104 199
104 200
103 201
102 202
102 203
102 204
102 205
102 206
102 207
102 208
102 209
102 210
102 211
102 212
102 213
102 214
103 215
104 216
105 217
106 218
107 219
108 220
109 220
110 220
111 220
112 220
113 220
114 220
115 220
116 220
117 220
118 220
119 220
120 220
121 220
122 220
123 220
122 221
122 222
123 223
124 224
125 225
126 226
127 227
128 228
129 229
130 230
131 231
132 232
133 233
130 228
131 227
132 226
133 225
134 224
135 223
136 222
137 221
108 221
108 222
108 223
108 224
108 225
108 226
108 227
108 228
108 229
108 230
109 231
110 232
111 233
112 234
113 235
107 230
106 230
105 230
104 230
103 230
102 230
101 231
100 232
99 233
98 234
101 214
100 214
99 215
98 216
97 217
96 218
95 219
94 220
93 221
105 182
105 181
105 180
105 179
105 178
105 177
105 176
104 175
103 174
151 212
150 212
149 212
148 212
147 212
146 212
145 211
144 210
143 209
142 208
141 207
140 206
139 205
138 204
137 203
136 203
135 203
134 203
133 203
132 203
131 203
130 203
129 203
128 203
127 203
126 203
125 203
124 203
123 203
153 212
154 212
155 211
156 210
157 209
158 208
159 207
160 206
161 205
162 204
163 203
164 202
165 201
166 200
167 199
158 210
159 211
160 212
161 213
162 214
156 240
157 239
158 238
159 237
160 236
161 235
162 234
163 233
164 232
165 231
166 230
164 264
163 265
162 266
161 267
160 268
159 269
158 270
157 271
156 271
155 271
154 271
153 271
152 271
151 270
150 269
149 268
148 267
147 266
146 265
145 264
144 263
143 262
142 261
142 260
142 259
142 258
142 257
141 256
140 255
139 254
138 253
137 252
136 251
148 269
147 270
146 271
145 272
144 273
143 274
142 275
141 276
144 274
145 275
146 276
147 277
148 278
149 279
150 280
151 281
152 282
153 283
154 284
155 285
156 286
156 287
156 288
156 289
156 290
156 291
156 292
156 293
156 294
156 295
156 296
156 297
156 298
156 299
155 300
154 301
153 301
152 301
151 301
150 301
149 301
148 301
147 302
146 303
145 304
144 305
143 306
142 307
141 308
140 309
139 310
138 310
137 310
136 310
135 310
134 310
133 310
132 310
131 310
130 310
129 310
128 310
127 310
126 310
125 310
124 310
123 310
122 310
121 310
120 310
119 310
118 310
117 310
116 310
115 310
114 310
113 310
112 310
111 310
110 310
109 310
108 310
107 310
106 310
105 310
104 310
103 310
102 310
101 310
100 310
99 310
98 310
97 310
96 310
95 310
94 310
95 311
95 312
95 313
95 314
95 315
95 316
95 317
95 318
95 319
95 320
95 321
94 322
93 323
92 324
91 325
110 311
110 312
110 313
110 314
110 315
110 316
110 317
110 318
110 319
110 320
110 321
110 322
109 323
108 324
107 325
111 322
112 322
113 322
114 322
115 322
116 322
117 323
118 324
119 325
139 311
139 312
139 313
139 314
139 315
139 316
139 317
139 318
139 319
139 320
138 321
137 322
136 323
135 324
134 325
156 300
157 301
158 302
159 303
160 304
161 305
162 306
163 307
164 308
165 309
166 310
167 311
168 312
169 313
170 313
171 313
172 313
173 313
174 313
175 313
176 313
177 313
178 313
179 314
180 315
181 316
182 317
183 318
184 319
184 320
184 321
184 322
184 323
184 324
184 325
184 326
184 327
184 328
184 329
184 330
184 331
184 332
184 333
184 334
184 335
184 336
184 337
184 338
184 339
184 340
184 341
184 342
184 343
184 344
184 345
184 346
184 347
184 348
183 349
183 350
183 351
183 352
183 353
183 354
183 355
183 356
183 357
183 358
183 359
183 360
183 361
183 362
182 363
181 364
181 365
181 366
181 367
181 368
181 369
181 370
181 371
181 372
181 373
181 374
181 375
181 376
181 377
181 378
181 379
181 380
181 381
181 382
182 381
183 381
184 381
185 381
186 381
187 381
188 381
189 381
190 381
191 381
192 381
193 381
194 381
195 381
196 382
197 382
198 382
199 382
200 382
201 382
202 382
203 382
204 382
205 382
206 382
207 382
208 382
209 382
210 382
211 382
181 383
181 384
181 385
181 386
181 387
181 388
181 389
181 390
181 391
181 392
181 393
181 394
181 395
181 396
180 397
182 396
183 396
184 396
185 396
186 396
187 396
188 396
189 396
190 396
191 396
192 397
184 362
185 362
186 362
187 362
188 362
189 362
190 362
191 363
192 364
193 365
194 365
195 365
196 365
197 365
198 365
199 365
200 365
201 365
202 364
203 363
204 362
185 319
186 320
187 321
188 322
189 323
190 324
191 325
192 326
193 327
194 328
195 329
196 330
197 331
198 332
199 333
199 334
199 335
199 336
199 337
199 338
200 339
201 340
202 341
203 342
204 343
205 344
206 345
207 346
208 347
202 343
201 344
200 345
199 346
198 347
197 348
196 349
195 350
162 308
161 309
160 310
159 311
158 312
157 313
156 314
155 315
154 316
154 317
154 318
154 319
154 320
154 321
154 322
154 323
154 324
154 325
154 326
154 327
154 328
154 329
154 330
153 331
153 332
153 333
153 334
153 335
153 336
153 337
153 338
153 339
153 340
153 341
153 342
153 343
153 344
153 345
153 346
153 347
153 348
153 349
153 350
153 351
153 352
153 353
153 354
153 355
153 356
153 357
153 358
153 359
153 360
152 361
152 362
152 363
152 364
152 365
152 366
152 367
152 368
152 369
152 370
152 371
152 372
152 373
152 374
152 375
152 376
152 377
152 378
152 379
152 380
152 381
152 382
152 383
152 384
152 385
152 386
152 387
152 388
152 389
152 390
152 391
153 390
154 390
155 390
156 391
157 392
158 393
159 394
160 395
161 396
162 397
163 398
164 399
156 389
157 388
158 387
159 386
160 385
161 384
162 383
163 382
164 381
165 380
151 361
150 361
149 362
148 363
147 364
146 365
145 366
144 367
143 368
142 369
141 370
140 371
139 372
138 373
137 374
136 375
135 376
135 377
135 378
135 379
135 380
135 381
135 382
135 383
135 384
135 385
135 386
135 387
135 388
134 389
133 390
132 391
132 392
132 393
132 394
132 395
132 396
132 397
132 398
132 399
131 400
130 401
129 402
128 403
127 404
126 405
125 406
124 407
124 408
124 409
123 410
122 411
121 412
120 413
119 414
118 415
117 416
116 417
115 418
114 419
113 420
112 421
111 422
110 423
109 424
108 425
107 426
106 427
114 421
115 422
118 417
119 418
120 419
121 420
122 421
123 422
124 423
125 424
126 425
127 426
128 427
129 428
129 429
128 430
127 431
126 432
125 433
124 434
123 435
122 436
121 437
120 438
119 439
130 428
131 428
132 428
133 428
134 428
135 428
136 428
137 428
138 428
139 428
140 428
122 410
121 409
120 408
119 407
118 406
117 405
116 404
115 403
114 402
113 401
112 400
111 399
110 398
109 397
108 396
107 395
106 394
105 393
104 392
103 391
102 390
101 390
100 390
99 390
98 390
97 390
96 391
95 392
94 393
93 394
92 395
91 396
90 397
89 398
88 399
87 400
86 401
109 395
110 394
111 393
112 392
113 391
114 390
115 389
116 388
117 387
149 360
148 359
147 358
146 357
145 356
144 355
143 354
142 353
141 352
140 351
139 350
138 349
137 348
136 347
135 346
134 345
133 344
132 343
131 342
131 344
130 345
129 346
128 347
127 348
126 349
125 350
124 351
123 352
122 353
121 354
120 355
119 356
118 357
117 358
116 359
115 360
114 361
113 361
112 361
111 361
110 361
109 361
108 361
107 361
106 361
105 361
104 361
103 361
102 361
101 361
100 361
99 361
98 361
97 361
96 361
95 361
94 361
93 361
92 361
91 361
90 361
89 361
88 361
87 361
86 360
85 359
84 358
83 358
82 358
81 358
80 358
79 358
78 358
77 358
76 358
75 358
74 358
73 358
72 358
71 358
70 358
69 358
68 358
67 358
66 358
65 358
64 358
63 358
62 358
61 358
60 358
59 358
58 358
57 358
56 358
55 358
54 358
53 358
52 358
51 358
50 358
49 358
48 358
47 358
46 358
45 358
44 358
43 358
42 358
41 358
40 358
39 358
38 358
37 358
36 358
35 358
34 358
33 358
32 358
31 358
30 358
29 359
28 358
27 357
26 356
25 355
24 354
23 353
22 352
21 351
30 357
30 356
30 355
30 354
30 353
30 352
30 351
30 350
30 349
30 348
30 347
30 346
30 345
30 344
30 343
30 342
29 341
28 340
27 339
26 338
25 337
24 336
23 335
22 334
21 333
21 332
21 331
21 330
21 329
21 328
21 327
21 326
21 325
22 324
31 342
32 342
33 342
34 342
35 342
36 342
37 342
38 341
39 340
40 339
41 338
42 337
43 336
44 335
45 334
46 333
47 332
48 331
49 330
50 330
51 330
52 330
53 330
54 330
55 331
56 332
57 333
58 334
59 335
60 336
61 337
62 338
63 337
64 336
65 335
66 334
67 333
68 332
69 331
70 330
71 329
72 328
66 336
67 337
68 338
69 339
70 340
71 341
72 342
73 343
74 343
75 343
76 343
77 343
78 343
79 343
80 343
81 343
82 342
83 341
84 340
45 332
44 331
43 330
42 329
41 328
40 327
39 326
38 325
37 324
40 337
39 336
38 335
37 334
37 357
38 356
39 355
40 354
41 353
42 352
85 361
84 362
83 363
82 364
81 365
80 366
79 367
78 368
77 369
76 370
75 371
74 372
73 373
72 374
71 375
70 376
69 377
68 378
67 379
66 380
65 381
64 382
63 383
62 384
61 385
60 386
59 387
58 388
57 389
56 390
55 391
54 391
53 391
52 391
51 391
50 391
49 391
48 391
47 390
46 389
45 388
44 387
43 386
42 385
41 384
40 383
61 386
62 387
63 388
64 389
65 390
66 391
67 392
67 393
67 394
67 395
67 396
67 397
67 398
67 399
67 400
67 401
67 402
67 403
67 404
67 405
67 406
68 407
79 368
80 369
81 370
82 371
83 372
84 373
85 374
86 375
87 376
88 377
114 362
113 363
112 364
111 365
110 366
109 367
108 368
107 369
106 370
105 371
104 372
103 373
117 356
116 355
115 354
114 353
113 352
112 351
111 350
110 349
109 348
108 347
107 346
106 345
105 344
104 343
103 342
110 348
111 347
112 346
113 345
114 344
115 343
116 342
120 356
121 357
141 354
140 355
139 356
138 357
137 358
136 359
154 360
155 360
156 360
157 360
158 360
159 360
160 360
161 360
162 360
163 360
164 360
165 360
166 361
167 362
154 331
155 332
156 333
157 334
158 335
159 336
160 337
161 338
162 339
163 340
164 341
165 342
166 343
167 344
168 345
159 334
160 333
161 332
162 331
163 330
159 301
160 300
161 299
162 298
163 297
164 296
165 295
166 294
167 293
168 292
169 291
170 290
171 289
171 291
172 292
173 293
174 294
175 295
176 296
177 297
178 298
179 299
180 300
181 301
182 302
183 303
184 304
185 304
186 305
187 306
188 307
189 308
190 309
191 310
192 311
193 312
194 313
195 314
196 315
197 316
198 317
199 318
200 318
201 319
202 320
203 321
204 322
205 323
206 324
207 325
208 326
209 327
210 328
211 329
212 330
213 331
214 332
178 296
179 295
180 294
181 293
182 292
183 291
184 290
185 289
186 288
186 290
187 291
188 292
189 293
190 294
191 295
192 296
193 297
194 298
195 299
196 300
197 301
198 302
199 303
200 303
201 304
202 305
203 306
204 307
205 308
206 309
207 310
208 311
209 312
210 313
211 314
212 315
213 316
214 317
215 317
216 318
217 319
218 320
219 321
220 322
221 323
222 324
223 325
224 326
225 327
226 328
227 329
228 330
229 331
229 332
229 333
229 334
229 335
229 336
229 337
230 338
231 339
232 340
233 341
234 342
235 343
236 344
237 345
238 346
238 347
238 348
238 349
238 350
238 351
238 352
238 353
238 354
238 355
238 356
238 357
238 358
238 359
238 360
238 361
238 362
238 363
238 364
238 365
238 366
238 367
238 368
238 369
238 370
238 371
238 372
238 373
238 374
238 375
238 376
238 377
238 378
238 379
238 380
238 381
239 382
240 383
240 384
240 385
240 386
240 387
240 388
240 389
240 390
240 391
240 392
240 393
240 394
240 395
240 396
240 397
240 398
239 399
238 400
237 401
236 402
235 403
234 404
233 405
232 406
231 407
230 408
229 409
228 410
227 411
226 412
225 413
224 414
223 415
222 416
221 417
220 418
219 419
218 420
217 421
216 421
215 421
214 421
213 421
212 421
211 421
210 421
209 421
208 421
207 421
206 421
205 421
204 421
203 421
202 421
201 421
200 421
199 421
198 421
197 421
196 421
195 421
194 421
193 421
192 421
191 421
190 421
189 421
188 421
187 421
186 421
185 421
184 421
183 421
182 421
181 421
180 421
179 421
178 421
177 421
176 421
175 421
174 421
173 421
172 421
171 421
170 421
169 421
168 421
167 421
166 421
165 421
164 421
163 421
162 421
161 421
160 421
159 421
158 421
157 420
158 422
158 423
158 424
158 425
158 426
158 427
158 428
158 429
158 430
158 431
158 432
158 433
158 434
157 435
173 422
173 423
173 424
173 425
173 426
173 427
173 428
173 429
173 430
173 431
173 432
173 433
173 434
172 435
188 422
188 423
188 424
188 425
188 426
188 427
188 428
188 429
188 430
188 431
188 432
188 433
188 434
187 435
203 422
203 423
203 424
203 425
203 426
203 427
203 428
203 429
203 430
203 431
203 432
203 433
203 434
202 435
217 422
217 423
217 424
217 425
217 426
217 427
217 428
217 429
217 430
217 431
217 432
217 433
217 434
217 435
225 415
226 416
227 417
228 418
229 419
230 420
231 421
232 422
233 422
234 422
235 422
236 422
237 422
238 422
239 422
240 422
241 422
242 422
243 422
244 422
245 422
246 422
247 422
248 422
249 422
250 422
251 422
252 422
253 422
254 422
255 422
256 422
257 422
258 422
259 422
260 422
261 422
262 422
263 422
264 422
265 422
266 422
267 422
268 422
269 422
270 422
271 422
272 422
273 422
274 422
275 422
276 422
277 422
276 423
276 424
276 425
276 426
276 427
277 428
278 429
279 430
280 431
281 432
282 433
283 434
284 435
275 428
274 429
273 430
272 431
271 432
270 433
269 434
268 435
261 421
261 420
261 419
261 418
261 417
261 416
261 415
261 414
261 413
261 412
261 411
261 410
261 409
262 408
263 407
264 406
265 405
266 404
267 403
268 402
269 401
270 400
270 399
270 398
270 397
270 396
270 395
270 394
270 393
270 392
270 391
270 390
270 389
270 388
270 387
270 386
270 385
271 386
272 386
273 386
274 386
275 386
276 386
277 386
278 386
279 385
280 384
281 383
271 400
272 400
273 400
274 400
275 400
276 400
277 400
278 400
279 400
280 399
281 398
262 406
261 405
260 404
259 403
258 402
257 401
256 400
255 399
246 423
246 424
246 425
246 426
246 427
246 428
246 429
246 430
246 431
246 432
246 433
246 434
247 435
232 423
232 424
232 425
232 426
232 427
232 428
232 429
232 430
232 431
232 432
232 433
232 434
232 435
241 383
242 383
243 383
244 383
245 383
246 383
247 383
248 383
249 383
250 383
251 383
252 383
253 383
254 383
255 383
237 381
236 381
235 381
234 381
233 381
232 381
231 381
230 381
229 381
228 381
227 382
226 383
239 369
240 368
241 367
237 360
236 360
235 360
234 360
233 361
232 362
231 363
230 364
229 365
228 366
234 340
235 339
236 338
237 337
238 336
239 335
240 334
241 333
242 332
243 331
244 330
242 334
243 335
244 336
245 337
246 338
247 339
248 340
249 341
250 342
251 343
252 344
253 345
249 339
250 338
251 337
252 336
253 335
254 334
255 333
256 332
257 331
258 330
259 329
257 333
258 334
259 335
260 336
261 337
262 338
263 339
264 340
265 341
266 342
267 343
268 344
268 345
268 346
268 347
269 348
270 349
271 350
272 351
273 352
274 353
275 354
276 355
277 356
278 357
279 358
280 359
281 359
282 359
283 359
284 359
285 359
286 359
287 359
288 359
289 359
290 359
291 359
292 359
293 359
294 360
295 361
296 362
297 363
298 364
299 365
300 366
301 367
302 368
303 369
303 370
303 371
303 372
303 373
303 374
303 375
303 376
303 377
303 378
303 379
304 380
305 381
306 382
301 365
302 364
303 363
304 362
305 361
306 360
307 359
280 360
280 361
280 362
280 363
280 364
280 365
280 366
281 367
273 354
272 355
271 356
270 357
269 358
268 359
267 359
266 359
265 359
264 359
263 359
262 359
261 359
260 359
259 359
258 359
257 360
274 351
275 350
276 349
277 348
278 347
279 346
280 345
281 344
282 343
264 338
265 337
266 336
267 335
268 334
269 333
270 332
271 331
272 330
273 329
274 328
230 339
229 340
228 341
227 342
226 343
225 344
224 345
223 346
193 295
194 294
195 293
196 292
197 291
198 290
199 289
200 288
201 287
201 289
202 290
203 291
204 292
205 293
206 294
207 295
208 296
209 297
210 298
211 299
212 300
213 301
214 302
215 302
216 303
217 304
218 305
219 306
220 307
221 308
222 309
223 310
224 311
225 312
226 313
227 314
228 315
229 316
208 294
209 293
210 292
211 291
212 290
213 289
214 288
215 287
216 286
216 288
217 289
218 290
219 291
220 292
221 293
222 294
223 295
224 296
225 297
226 298
227 299
228 300
229 301
230 301
231 302
232 303
233 304
234 305
235 306
236 307
237 308
238 309
239 310
240 311
241 312
242 313
243 314
244 315
223 293
224 292
225 291
226 290
227 289
228 288
229 287
230 286
231 285
231 287
232 288
233 289
234 290
235 291
236 292
237 293
238 294
239 295
240 296
241 297
242 298
243 299
244 300
238 293
239 292
240 291
241 290
242 289
243 288
244 287
245 286
246 285
246 287
247 288
248 289
249 290
250 291
251 292
252 293
253 294
254 295
255 296
256 297
257 298
258 299
259 300
259 301
259 302
259 303
259 304
259 305
259 306
259 307
259 308
259 309
259 310
259 311
259 312
259 313
259 314
253 293
254 292
255 291
256 290
257 289
258 288
259 287
260 286
261 285
261 287
262 288
263 289
264 290
265 291
266 292
267 293
268 294
269 295
270 296
271 297
272 298
273 299
274 300
268 293
269 292
270 291
271 290
272 289
273 288
274 287
275 286
276 285
276 287
277 288
278 289
279 290
280 291
281 292
282 293
283 294
284 295
285 296
286 297
287 298
288 299
289 300
289 301
289 302
289 303
289 304
290 305
291 306
292 307
293 308
294 309
295 310
296 311
297 312
298 313
299 314
300 315
300 316
300 317
300 318
300 319
300 320
300 321
300 322
300 323
300 324
300 325
300 326
300 327
300 328
300 329
300 330
300 331
300 332
300 333
300 334
300 335
300 336
300 337
300 338
300 339
300 340
300 341
300 342
300 343
301 344
302 345
290 306
289 307
288 308
287 309
286 310
285 311
284 312
283 313
282 314
281 315
283 293
284 292
285 291
286 290
287 289
288 288
289 287
290 286
291 285
291 287
292 288
293 289
294 290
295 291
296 292
297 293
298 294
299 295
300 296
301 297
302 298
303 299
304 300
298 293
299 292
300 291
301 290
302 289
303 288
304 287
305 286
306 285
306 287
307 288
308 289
309 290
310 291
311 292
312 293
313 294
314 295
315 296
316 297
317 298
318 299
319 300
319 301
319 302
319 303
319 304
319 305
319 306
319 307
319 308
319 309
319 310
319 311
319 312
319 313
319 314
320 315
320 316
320 317
320 318
320 319
320 320
320 321
320 322
320 323
320 324
320 325
320 326
320 327
320 328
320 329
320 330
320 331
320 332
320 333
320 334
320 335
320 336
320 337
320 338
320 339
320 340
320 341
320 342
320 343
320 344
321 316
322 317
323 318
324 319
325 320
326 321
327 322
328 323
329 324
330 325
331 326
332 327
333 328
334 329
335 330
335 331
335 332
335 333
335 334
335 335
335 336
335 337
335 338
335 339
335 340
335 341
335 342
335 343
313 293
314 292
315 291
316 290
317 289
318 288
319 287
320 286
321 285
321 287
322 288
323 289
324 290
325 291
326 292
327 293
328 294
329 295
330 296
331 297
332 298
333 299
334 300
334 301
334 302
334 303
334 304
334 305
334 306
334 307
334 308
334 309
334 310
334 311
334 312
334 313
334 314
335 315
336 316
337 317
338 318
339 319
340 320
341 321
342 322
343 323
344 324
345 325
346 326
347 327
348 328
349 329
350 330
350 331
350 332
350 333
350 334
350 335
350 336
350 337
350 338
350 339
350 340
350 341
350 342
351 343
328 293
329 292
330 291
331 290
332 289
333 288
334 287
335 286
336 285
336 287
337 288
338 289
339 290
340 291
341 292
342 293
343 294
344 295
345 296
346 297
347 298
348 299
349 300
349 301
349 302
349 303
349 304
349 305
349 306
349 307
349 308
349 309
349 310
349 311
349 312
349 313
349 314
350 315
351 315
352 316
353 317
354 318
355 319
356 320
357 321
358 322
359 323
360 324
361 325
362 326
363 327
364 328
365 329
365 330
365 331
365 332
365 333
365 334
365 335
365 336
365 337
365 338
365 339
365 340
366 341
343 292
344 291
345 290
346 289
347 288
348 287
349 286
350 285
351 284
351 283
351 282
351 281
351 280
351 279
350 278
349 277
348 276
351 286
352 287
353 288
354 289
355 290
356 291
357 292
358 293
359 294
360 295
361 296
362 297
363 298
364 299
364 300
364 301
364 302
364 303
364 304
364 305
364 306
364 307
364 308
364 309
364 310
364 311
364 312
364 313
365 314
366 314
367 315
368 316
369 317
370 318
371 319
372 320
373 321
374 322
375 323
376 324
377 325
378 326
379 327
380 328
380 329
380 330
380 331
380 332
380 333
380 334
380 335
380 336
380 337
358 291
359 290
360 289
361 288
362 287
363 286
364 285
365 284
366 283
366 282
366 281
366 280
366 279
366 278
365 277
364 276
363 275
366 285
367 286
368 287
369 288
370 289
371 290
372 291
373 292
374 293
375 294
376 295
377 296
378 297
379 298
379 299
379 300
379 301
379 302
379 303
379 304
379 305
379 306
379 307
379 308
379 309
379 310
379 311
379 312
380 313
381 313
382 314
383 315
384 316
385 317
386 318
387 319
388 320
389 321
390 322
391 323
392 324
393 325
394 326
395 327
373 290
374 289
375 288
376 287
377 286
378 285
379 284
380 283
381 282
381 281
381 280
381 279
381 278
381 277
380 276
379 275
378 274
381 284
382 285
383 286
384 287
385 288
386 289
387 290
388 291
389 292
390 293
391 294
392 295
393 296
394 297
394 298
394 299
394 300
394 301
394 302
394 303
394 304
394 305
394 306
394 307
394 308
394 309
394 310
394 311
395 312
396 312
397 312
398 312
399 312
400 312
401 312
402 312
403 312
404 312
405 311
388 289
389 288
390 287
391 286
392 285
393 284
394 283
395 282
396 281
396 280
396 279
396 278
396 277
396 276
395 275
394 274
393 273
396 283
397 284
398 285
399 286
400 287
401 288
402 289
403 290
404 291
405 292
406 293
407 294
408 295
409 296
403 288
404 287
405 286
406 285
407 284
408 283
409 282
410 281
411 280
147 279
146 280
145 281
144 282
143 283
142 284
141 285
140 286
139 287
138 288
137 289
136 290
135 291
137 287
136 286
135 285
134 284
133 283
132 282
131 281
130 280
129 279
128 278
127 277
126 276
125 275
124 274
123 273
122 272
121 271
120 270
119 269
118 268
117 267
116 266
115 265
114 264
113 263
112 262
111 261
111 260
111 259
111 258
111 257
111 256
111 255
111 254
111 253
111 252
111 251
112 250
117 269
116 270
115 271
114 272
113 273
112 274
111 275
110 276
109 275
108 274
107 273
106 272
105 271
104 270
103 269
102 268
101 267
100 266
99 265
98 264
97 263
96 262
95 261
95 260
95 259
95 258
95 257
95 256
94 255
93 254
92 253
91 252
101 269
100 270
99 271
98 272
97 273
96 274
95 275
94 276
94 277
94 278
94 279
94 280
94 281
94 282
94 283
94 284
94 285
94 286
94 287
94 288
94 289
93 290
92 291
91 291
90 291
89 291
88 291
87 291
86 291
85 291
84 291
83 291
82 291
81 291
80 291
79 291
78 291
77 291
76 291
75 291
74 291
73 291
72 291
71 291
70 291
69 290
68 289
67 288
66 287
65 286
64 285
64 284
64 283
64 282
64 281
64 280
64 279
64 278
64 277
64 276
64 275
64 274
64 273
64 272
64 271
64 270
64 269
64 268
64 267
64 266
64 265
64 264
64 263
64 262
64 261
64 260
64 259
63 258
62 257
61 256
60 255
60 254
60 253
60 252
60 251
60 250
60 249
60 248
60 247
60 246
60 245
60 244
60 243
60 242
60 241
60 240
60 239
60 238
60 237
61 236
62 236
63 236
64 236
65 236
66 235
67 234
68 233
69 232
70 231
71 230
72 229
65 260
66 261
67 262
68 263
69 264
70 265
71 266
72 267
73 268
66 259
67 258
68 257
69 256
70 255
71 254
72 253
63 263
62 264
61 265
60 266
59 267
58 268
57 269
56 270
64 286
63 287
62 288
61 289
60 290
70 292
70 293
70 294
70 295
70 296
70 297
69 298
68 299
67 300
66 301
65 302
64 303
63 304
62 305
61 306
95 289
96 289
97 289
98 289
99 289
100 290
101 291
119 267
120 266
121 265
122 264
123 263
124 262
125 261
126 260
128 279
127 280
126 281
125 282
124 283
123 284
122 285
121 286
120 287
119 288
118 289
117 290
116 291
326 261
327 260
328 259
329 258
330 257
331 256
332 255
333 254
334 254
335 254
336 254
337 254
338 254
339 254
340 254
341 253
342 252
343 251
344 250
345 249
346 248
347 247
348 246
349 246
350 247
351 248
352 249
353 250
354 251
355 252
356 253
357 254
358 255
359 256
360 257
361 258
362 259
363 260
341 254
342 255
343 256
344 257
345 258
346 259
347 260
348 261
835
318 255
317 270
333 254
302 255
301 270
286 255
285 270
270 255
269 270
254 255
253 270
238 255
237 270
222 255
221 270
206 255
205 270
190 255
189 270
174 256
173 271
158 256
157 271
142 261
141 276
156 286
135 291
126 276
111 261
110 276
126 260
95 261
94 276
92 291
154 301
169 313
154 316
171 289
184 304
186 288
199 303
201 287
214 302
216 286
229 301
231 285
244 300
246 285
259 300
261 285
274 300
276 285
289 300
291 285
304 300
306 285
319 300
321 285
334 300
336 285
349 300
351 284
364 299
366 283
379 298
381 282
394 297
396 281
409 296
411 280
139 310
124 310
109 310
94 310
153 331
153 346
152 361
152 376
152 391
155 241
152 226
152 211
152 196
156 181
156 166
156 151
181 240
196 239
180 225
195 212
184 197
199 197
210 212
214 197
225 212
229 197
240 212
244 197
255 212
259 197
270 212
274 197
184 182
184 319
184 334
183 349
181 364
199 318
199 333
211 227
214 317
214 332
226 227
229 316
229 331
238 346
244 330
253 345
259 329
268 344
274 328
238 361
241 227
244 315
256 227
261 182
271 227
280 359
286 234
300 218
301 233
300 203
300 188
300 173
300 158
300 143
300 315
300 330
301 128
301 113
315 143
316 112
316 232
320 315
320 330
322 166
330 146
337 166
345 146
352 167
322 181
322 217
331 232
337 216
346 231
352 215
361 230
367 214
376 229
382 213
391 228
331 112
335 315
335 330
337 181
346 112
348 246
348 261
350 315
350 330
352 182
361 113
363 245
363 260
365 314
365 329
367 168
367 183
376 114
378 244
378 259
380 313
380 328
382 175
390 190
391 114
393 243
393 258
395 312
396 99
406 114
396 84
396 69
402 54
411 69
417 53
405 180
405 195
408 249
408 264
414 210
421 107
432 122
436 107
447 122
451 107
462 122
466 107
477 122
481 107
492 122
496 107
507 122
511 107
522 122
526 107
537 122
541 107
552 122
556 107
423 225
429 209
438 224
444 204
429 240
432 255
433 189
433 174
432 159
430 144
433 270
433 285
430 300
445 300
426 315
441 315
419 330
434 330
406 345
421 345
391 354
376 359
361 361
346 362
353 377
353 392
353 407
338 418
353 422
335 399
323 418
308 420
368 419
372 401
383 420
395 435
395 450
410 422
410 437
425 422
425 437
433 360
436 345
433 375
431 390
440 420
440 435
447 243
448 268
451 339
455 420
455 435
459 193
460 228
462 243
475 228
477 243
490 228
492 243
505 228
507 243
520 228
522 243
460 296
460 311
463 258
463 273
466 339
469 178
474 193
484 177
489 192
499 176
504 191
470 354
481 339
485 354
496 339
500 354
511 339
470 420
470 435
475 295
475 310
478 268
485 420
485 435
490 300
490 315
493 267
500 421
500 436
505 301
510 286
520 301
505 316
508 262
515 421
515 436
519 194
520 320
523 270
526 339
530 421
530 436
534 194
535 296
539 311
550 296
537 241
539 256
552 241
538 271
539 209
549 193
539 224
541 326
541 341
541 356
545 421
545 436
560 430
571 107
575 430
580 122
586 106
595 121
581 137
578 152
593 152
596 137
581 167
581 182
573 197
588 197
596 181
576 212
576 227
576 242
576 257
576 272
575 287
590 287
591 272
575 302
575 317
575 332
575 347
581 362
590 347
596 362
605 343
590 332
581 377
578 392
593 392
596 377
608 392
581 407
590 302
590 317
590 422
590 437
591 212
591 227
591 242
591 257
596 407
605 306
606 203
606 234
606 268
608 154
620 306
620 341
621 202
621 234
621 268
622 138
623 153
623 383
623 398
626 168
638 152
626 413
638 397
499 404
484 403
514 400
135 376
132 391
124 407
378 150
393 143
408 143
134 167
134 183
119 152
118 167
134 151
104 144
119 137
117 122
116 107
119 183
104 184
87 160
86 183
71 183
56 183
102 202
108 220
93 221
123 220
282 111
267 107
260 122
251 107
244 122
235 107
228 122
219 107
212 122
203 107
196 122
187 107
180 122
171 107
164 122
155 107
148 122
281 142
274 157
259 159
244 159
229 159
214 159
199 159
184 159
183 144
131 342
114 361
99 361
84 358
69 358
54 358
301 92
293 77
308 76
286 62
301 61
106 427
376 59
371 74
360 59
355 74
344 59
339 74
336 44
351 43
366 39
472 142
487 142
502 142
240 383
240 398
217 421
232 422
202 421
187 421
172 421
157 420
247 422
262 422
277 422
270 400
270 385
372 472
359 457
356 472
395 477
341 465
340 480
355 487
339 495
354 502
370 487
402 492
410 477
29 359
21 333
30 176
53 153
20 209
313 476
310 491
297 476
294 491
306 458
548 382
64 285
61 306
550 159
60 255
61 236
55 391
87 143
515 354
157 435
323 202
553 270
368 376
637 137
103 342
113 235
255 383
181 382
514 176
293 46
331 368
405 365
302 345
355 89
515 369
371 502
443 403
107 325
102 390
196 382
556 348
88 377
601 107
493 369
313 49
628 356
137 203
329 59
468 369
133 233
223 346
116 291
91 325
408 459
553 226
553 208
416 493
604 438
136 359
504 205
172 435
187 435
202 435
217 435
259 314
320 344
180 397
338 201
275 124
281 315
134 325
211 382
71 137
284 435
530 386
40 383
411 84
390 369
208 347
282 343
450 354
167 362
395 327
103 159
596 166
646 385
605 283
164 399
625 283
168 142
628 187
98 234
168 345
529 158
211 242
553 255
271 242
226 242
241 242
256 242
303 369
351 343
255 399
268 435
552 311
165 380
353 28
232 435
247 435
332 125
335 343
489 205
282 182
49 330
357 437
38 158
116 342
546 397
495 280
472 399
49 207
353 202
641 411
226 383
303 433
605 320
303 397
442 142
349 125
627 371
325 483
166 230
625 320
167 199
398 420
193 365
195 225
405 234
285 207
459 205
143 107
474 205
62 200
62 338
517 384
404 405
20 189
364 125
313 449
443 388
356 143
129 428
420 196
448 282
604 423
563 386
86 401
281 383
123 203
127 105
552 285
455 160
366 341
119 325
372 431
312 91
625 249
72 328
408 99
431 405
352 517
37 334
268 359
602 218
67 392
459 143
519 205
552 333
68 152
249 181
422 68
119 439
192 397
196 143
281 398
323 429
338 429
379 125
394 125
475 321
602 249
237 181
455 384
455 399
467 157
169 184
258 144
333 507
55 141
566 157
314 64
547 171
338 376
512 145
137 221
91 252
183 210
523 256
103 373
478 280
43 183
34 215
72 214
282 162
42 352
526 353
444 189
644 159
444 157
127 120
195 350
115 422
162 214
516 161
73 343
546 148
136 251
443 369
460 321
140 428
207 143
504 161
494 157
220 143
232 143
489 388
623 217
163 330
478 369
378 394
368 204
193 180
306 382
393 465
107 116
387 482
581 444
112 250
519 285
415 150
22 324
405 311
537 281
332 32
391 57
282 222
374 143
369 85
483 384
165 157
72 198
250 142
477 157
204 181
204 362
466 384
500 382
68 407
299 451
523 143
396 219
100 132
372 44
73 268
228 366
636 197
447 254
281 367
316 247
349 452
409 171
117 387
633 343
625 298
633 234
478 254
602 196
268 174
348 276
363 275
378 274
393 273
441 172
21 351
72 253
228 181
523 401
72 229
84 340
257 360
121 357
508 271
409 374
331 393
376 374
321 368
463 281
241 367
544 367
370 460
60 290
103 174
544 132
35 200
301 248
340 83
101 291
633 271
307 359
287 465
56 270
380 337
37 324
22 215
558 197
