10251
332 269
331 268
330 267
329 266
328 265
327 264
326 263
325 262
324 261
323 260
322 259
321 258
320 257
319 256
318 255
318 254
318 253
318 252
318 251
318 250
318 249
318 248
317 247
324 263
323 264
322 265
321 266
320 267
319 268
318 269
317 270
316 269
315 268
314 267
313 266
312 265
311 264
310 263
309 262
308 261
307 260
306 259
305 258
304 257
303 256
302 255
308 263
307 264
306 265
305 266
304 267
303 268
302 269
301 270
300 269
299 268
298 267
297 266
296 265
295 264
294 263
293 262
292 261
291 260
290 259
289 258
288 257
287 256
286 255
292 263
291 264
290 265
289 266
288 267
287 268
286 269
285 270
284 269
283 268
282 267
281 266
280 265
279 264
278 263
277 262
276 261
275 260
274 259
273 258
272 257
271 256
270 255
276 263
275 264
274 265
273 266
272 267
271 268
270 269
269 270
268 269
267 268
266 267
265 266
264 265
263 264
262 263
261 262
260 261
259 260
258 259
257 258
256 257
255 256
254 255
260 263
259 264
258 265
257 266
256 267
255 268
254 269
253 270
252 269
251 268
250 267
249 266
248 265
247 264
246 263
245 262
244 261
243 260
242 259
241 258
240 257
239 256
238 255
244 263
243 264
242 265
241 266
240 267
239 268
238 269
237 270
236 269
235 268
234 267
233 266
232 265
231 264
230 263
229 262
228 261
227 260
226 259
225 258
224 257
223 256
222 255
228 263
227 264
226 265
225 266
224 267
223 268
222 269
221 270
220 269
219 268
218 267
217 266
216 265
215 264
214 263
213 262
212 261
211 260
210 259
209 258
208 257
207 256
206 255
212 263
211 264
210 265
209 266
208 267
207 268
206 269
205 270
204 269
203 268
202 267
201 266
200 265
199 264
198 263
197 262
196 261
195 260
194 259
193 258
192 257
191 256
190 255
190 254
190 253
190 252
190 251
190 250
190 249
189 248
188 247
187 246
186 245
185 244
184 243
183 242
182 241
181 240
181 239
181 238
181 237
181 236
181 235
181 234
181 233
181 232
181 231
181 230
181 229
181 228
181 227
181 226
180 225
182 225
183 224
184 223
185 222
186 221
187 220
188 219
189 218
190 217
191 216
192 215
193 214
194 213
195 212
195 211
195 210
195 209
195 208
194 207
193 206
192 205
191 204
190 203
189 202
188 201
187 200
186 199
185 198
184 197
184 196
184 195
184 194
184 193
184 192
184 191
184 190
184 189
184 188
184 187
184 186
184 185
184 184
184 183
184 182
184 181
184 180
184 179
184 178
184 177
184 176
184 175
184 174
184 173
184 172
184 171
184 170
184 169
184 168
184 167
184 166
184 165
184 164
184 163
184 162
185 163
186 163
187 163
188 163
189 163
190 163
191 163
192 163
193 163
194 163
195 163
196 162
197 161
198 160
199 159
200 159
201 159
202 159
203 159
204 159
205 159
206 159
207 159
208 159
209 159
210 159
211 159
212 159
213 159
214 159
215 159
216 159
217 159
218 159
219 159
220 159
221 159
222 159
223 159
224 159
225 159
226 159
227 159
228 159
229 159
230 159
231 159
232 159
233 159
234 159
235 159
236 159
237 159
238 159
239 159
240 159
241 159
242 159
243 159
244 159
245 159
246 159
247 159
248 159
249 159
250 159
251 159
252 159
253 159
254 159
255 159
256 159
257 159
258 159
259 159
260 158
261 157
262 156
263 155
264 154
265 153
266 152
267 151
268 150
269 149
270 148
271 147
272 146
273 145
274 144
273 143
272 142
271 141
270 140
269 139
268 138
267 137
266 136
265 135
264 134
263 133
262 132
261 131
260 130
259 129
258 128
257 127
256 126
255 125
254 124
253 123
252 122
251 121
250 120
249 119
248 118
247 117
246 116
245 115
244 114
243 113
242 112
241 111
240 110
239 109
245 117
244 118
243 119
242 120
241 121
240 122
239 123
238 124
237 123
236 122
235 121
234 120
233 119
232 118
231 117
230 116
229 115
228 114
227 113
226 112
225 111
224 110
223 109
229 117
228 118
227 119
226 120
225 121
224 122
223 123
222 124
221 123
220 122
219 121
218 120
217 119
216 118
215 117
214 116
213 115
212 114
211 113
210 112
209 111
208 110
207 109
213 117
212 118
211 119
210 120
209 121
208 122
207 123
206 124
205 123
204 122
203 121
202 120
201 119
200 118
199 117
198 116
197 115
196 114
195 113
194 112
193 111
192 110
191 109
197 117
196 118
195 119
194 120
193 121
192 122
191 123
190 124
189 123
188 122
187 121
186 120
185 119
184 118
183 117
182 116
181 115
180 114
179 113
178 112
177 111
176 110
175 109
181 117
180 118
179 119
178 120
177 121
176 122
175 123
174 124
173 123
172 122
171 121
170 120
169 119
168 118
167 117
166 116
165 115
164 114
163 113
162 112
161 111
160 110
159 109
158 109
157 109
156 109
155 109
154 109
153 109
152 109
151 109
150 109
149 109
148 109
147 109
146 109
145 108
144 107
146 110
146 111
146 112
146 113
146 114
146 115
146 116
146 117
146 118
146 119
145 120
144 121
143 122
142 122
141 122
140 122
139 122
138 122
137 122
136 122
135 121
134 120
133 119
132 118
131 117
130 116
129 115
128 114
127 113
126 112
125 111
124 110
123 109
122 108
121 107
120 106
126 114
125 115
124 116
123 117
122 118
121 119
120 120
119 121
118 121
117 121
116 121
115 120
114 119
113 118
112 117
111 116
110 115
109 114
108 113
107 112
106 111
105 110
104 109
131 118
130 119
129 120
128 121
127 122
135 123
134 124
133 125
132 126
131 127
130 128
129 129
128 130
127 131
126 132
125 133
124 134
123 135
122 136
121 137
120 138
119 139
118 140
117 141
116 142
115 143
114 144
114 145
114 146
114 147
114 148
114 149
114 150
114 151
113 152
112 153
111 154
110 155
109 156
108 157
107 158
106 159
106 160
106 161
106 162
106 163
106 164
106 165
106 166
106 167
106 168
106 169
106 170
106 171
106 172
106 173
106 174
106 175
106 176
106 177
106 178
106 179
106 180
106 181
106 182
106 183
107 182
108 182
109 182
110 182
111 182
112 182
113 182
114 182
115 182
116 182
117 182
118 182
119 182
120 182
121 183
122 183
123 183
124 183
125 183
126 183
127 183
128 183
129 183
130 183
131 183
132 183
133 183
134 183
135 183
136 184
105 159
104 159
103 159
102 160
101 161
100 162
99 163
98 164
97 165
96 166
95 167
94 168
93 169
92 170
91 171
90 172
89 173
88 174
87 175
86 176
85 177
84 178
83 179
82 180
81 181
80 182
79 183
78 183
77 183
76 183
75 183
74 183
73 183
72 183
71 183
70 183
69 183
68 183
67 183
66 183
65 183
64 183
63 183
62 183
61 183
60 183
59 183
58 183
57 183
56 183
55 183
54 183
53 183
52 183
51 183
50 183
49 183
48 183
47 183
46 183
45 183
44 183
43 183
42 183
41 183
40 183
39 183
38 183
37 183
36 183
35 183
34 183
33 183
32 183
31 183
30 183
29 183
28 183
27 183
26 183
25 183
24 183
23 182
24 184
24 185
24 186
24 187
24 188
24 189
24 190
24 191
24 192
24 193
24 194
24 195
24 196
24 197
24 198
24 199
24 200
23 201
22 202
21 203
20 204
19 205
18 206
17 207
16 208
15 209
19 207
20 208
21 209
22 210
23 211
24 212
25 213
26 214
27 215
28 215
29 215
30 215
31 215
25 200
26 200
27 200
28 200
29 200
30 200
31 200
32 200
33 200
34 200
35 200
36 200
37 200
38 200
39 201
40 202
41 203
42 204
43 205
44 206
45 207
79 184
79 185
79 186
78 187
77 188
76 189
75 190
74 191
73 192
72 193
71 194
70 195
69 196
68 197
67 198
66 199
65 200
65 201
65 202
65 203
65 204
65 205
65 206
65 207
66 208
67 209
68 210
69 211
70 212
71 213
72 214
72 215
72 216
72 217
72 218
72 219
72 220
72 221
72 222
72 223
72 224
72 225
72 226
72 227
72 228
72 229
70 197
71 198
81 179
80 178
79 177
78 176
77 175
76 174
75 173
74 172
73 171
72 170
71 169
70 168
69 167
68 166
67 165
66 164
65 163
64 162
63 161
62 160
61 159
60 158
59 157
58 156
57 155
56 154
55 153
54 152
53 151
52 150
51 149
50 148
49 147
48 147
47 147
46 147
45 147
44 148
43 149
42 150
41 151
40 152
39 153
38 154
37 155
36 156
35 157
34 158
40 154
41 155
42 156
43 157
44 158
45 159
52 149
53 148
54 147
55 146
56 145
57 144
58 143
59 142
60 141
61 140
62 139
63 138
64 137
60 156
61 155
62 154
63 153
64 152
85 178
86 179
87 180
88 181
89 182
90 183
91 184
94 166
93 165
92 164
91 163
90 162
89 161
88 160
87 159
87 158
87 157
87 156
87 155
87 154
87 153
87 152
87 151
87 150
87 149
86 148
85 147
84 146
83 145
82 144
81 143
109 154
108 153
107 152
106 151
105 150
104 149
103 148
102 147
101 146
100 145
99 144
114 152
115 153
116 154
117 155
118 156
119 157
120 158
121 159
121 160
121 161
122 162
123 163
124 164
125 165
126 166
127 167
128 167
129 166
130 165
131 164
132 163
133 162
134 161
121 138
122 139
123 140
124 141
125 142
126 143
127 144
128 145
129 146
122 135
121 134
120 133
119 132
118 131
117 130
166 117
165 118
164 119
163 120
162 121
161 122
160 123
159 124
190 125
190 126
190 127
190 128
189 129
188 130
187 131
186 132
185 133
184 134
183 135
182 136
181 137
180 138
179 139
178 140
177 141
176 142
178 142
179 143
180 144
181 145
182 146
183 147
188 131
189 132
190 133
191 134
192 135
193 136
194 137
195 138
196 139
197 140
198 141
199 142
200 143
201 143
202 143
203 143
204 143
205 143
247 115
248 114
249 113
250 112
251 111
252 110
253 109
254 108
255 108
256 108
257 108
258 108
259 108
260 108
261 108
262 108
263 108
264 108
265 108
266 108
267 108
268 108
269 107
270 107
271 107
272 107
273 107
274 107
275 107
276 107
277 108
262 130
263 129
264 128
265 127
266 126
267 125
268 124
269 123
270 123
271 123
272 123
273 123
274 123
275 123
276 123
277 124
264 136
263 137
262 138
261 139
260 140
259 141
258 142
257 143
267 152
268 153
269 154
270 155
271 156
272 157
273 158
274 159
213 158
213 157
213 156
214 155
215 154
216 153
217 152
218 151
219 150
220 149
221 148
222 147
223 146
224 145
225 144
226 144
227 144
228 144
229 144
230 144
231 144
232 144
233 144
234 144
235 144
236 144
237 143
238 143
239 143
240 143
241 143
242 143
243 142
185 183
186 183
187 183
188 183
189 183
190 183
191 183
192 183
193 183
194 183
195 182
196 181
197 180
198 180
199 180
200 180
201 180
202 180
203 181
192 204
193 203
194 202
195 201
196 200
197 199
198 198
199 197
198 200
199 201
200 202
201 203
202 204
203 205
204 206
205 207
206 208
207 209
208 210
209 211
210 212
205 206
206 205
207 204
208 203
209 202
210 201
211 200
212 199
213 198
214 197
213 200
214 201
215 202
216 203
217 204
218 205
219 206
220 207
221 208
222 209
223 210
224 211
225 212
225 213
225 214
225 215
225 216
225 217
225 218
225 219
225 220
225 221
225 222
225 223
225 224
225 225
225 226
226 227
226 228
226 229
226 230
226 231
226 232
226 233
226 234
226 235
226 236
226 237
226 238
226 239
226 240
220 206
221 205
222 204
223 203
224 202
225 201
226 200
227 199
228 198
229 197
229 196
229 195
229 194
229 193
229 192
229 191
229 190
230 189
231 188
232 187
233 186
234 185
235 184
236 183
237 182
238 182
239 182
240 182
241 182
242 181
228 189
227 188
226 187
225 186
224 185
223 184
222 183
221 182
228 200
229 201
230 202
231 203
232 204
233 205
234 206
235 207
236 208
237 209
238 210
239 211
240 212
240 213
240 214
240 215
240 216
240 217
240 218
240 219
240 220
240 221
240 222
240 223
240 224
240 225
240 226
241 227
241 228
241 229
241 230
241 231
241 232
241 233
241 234
241 235
241 236
241 237
241 238
241 239
241 240
235 206
236 205
237 204
238 203
239 202
240 201
241 200
242 199
243 198
244 197
243 200
244 201
245 202
246 203
247 204
248 205
249 206
250 207
251 208
252 209
253 210
254 211
255 212
255 213
255 214
255 215
255 216
255 217
255 218
255 219
255 220
255 221
255 222
255 223
255 224
255 225
255 226
256 227
256 228
256 229
256 230
256 231
256 232
256 233
256 234
256 235
256 236
256 237
256 238
256 239
256 240
250 206
251 205
252 204
253 203
254 202
255 201
256 200
257 199
258 198
259 197
259 196
259 195
259 194
259 193
259 192
259 191
259 190
259 189
259 188
259 187
259 186
259 185
259 184
260 183
261 182
258 200
259 201
260 202
261 203
262 204
263 205
264 206
265 207
266 208
267 209
268 210
269 211
270 212
270 213
270 214
270 215
270 216
270 217
270 218
270 219
270 220
270 221
270 222
270 223
270 224
270 225
270 226
271 227
272 227
273 227
274 227
275 227
276 227
277 227
278 227
279 227
280 228
281 229
282 230
283 231
284 232
285 233
286 234
287 234
288 234
289 234
290 234
291 234
292 234
293 234
294 234
295 234
296 234
297 234
298 234
299 234
300 233
301 232
302 232
303 232
304 232
305 232
306 232
307 232
308 232
309 232
310 232
311 232
312 232
313 232
314 232
315 232
316 232
315 231
315 230
315 229
315 228
315 227
315 226
315 225
315 224
316 223
317 222
318 221
319 220
320 219
321 218
322 217
322 216
322 215
322 214
322 213
322 212
322 211
322 210
322 209
322 208
322 207
322 206
322 205
322 204
322 203
322 202
320 221
321 222
322 223
323 224
324 225
325 226
326 227
327 228
328 229
329 230
330 231
331 232
327 226
328 225
329 224
330 223
331 222
332 221
333 220
334 219
335 218
336 217
337 216
337 215
337 214
337 213
337 212
337 211
337 210
337 209
337 208
337 207
337 206
337 205
337 204
337 203
337 202
335 220
336 221
337 222
338 223
339 224
340 225
341 226
342 227
343 228
344 229
345 230
346 231
342 225
343 224
344 223
345 222
346 221
347 220
348 219
349 218
350 217
351 216
352 215
352 214
352 213
352 212
352 211
352 210
352 209
352 208
352 207
352 206
352 205
352 204
352 203
352 202
350 219
351 220
352 221
353 222
354 223
355 224
356 225
357 226
358 227
359 228
360 229
361 230
361 231
361 232
361 233
361 234
361 235
361 236
361 237
361 238
361 239
361 240
361 241
361 242
361 243
362 244
363 245
364 245
365 246
366 247
367 248
368 249
369 250
370 251
371 252
372 253
373 254
374 255
375 256
376 257
377 258
378 259
357 224
358 223
359 222
360 221
361 220
362 219
363 218
364 217
365 216
366 215
367 214
367 213
367 212
367 211
367 210
367 209
367 208
367 207
367 206
367 205
365 218
366 219
367 220
368 221
369 222
370 223
371 224
372 225
373 226
374 227
375 228
376 229
376 230
376 231
376 232
376 233
376 234
376 235
376 236
376 237
376 238
376 239
376 240
376 241
376 242
377 243
378 244
379 245
380 246
381 247
382 248
383 249
384 250
385 251
386 252
387 253
388 254
389 255
390 256
391 257
392 258
393 259
394 259
395 259
396 259
397 259
398 259
399 259
400 260
401 261
402 262
403 263
404 264
405 265
406 266
399 258
399 257
399 256
400 255
401 254
402 253
403 252
404 251
378 242
379 241
380 240
381 239
382 238
383 237
384 236
385 235
386 234
387 233
388 232
389 231
390 230
391 229
385 236
386 237
387 238
388 239
389 240
390 241
391 242
392 243
393 244
394 243
395 242
396 241
397 240
398 239
399 238
400 237
401 236
372 224
373 223
374 222
375 221
376 220
377 219
378 218
379 217
380 216
381 215
382 214
314 223
313 222
312 221
311 220
310 219
309 218
308 217
307 216
306 215
305 214
304 213
303 212
302 211
301 210
300 209
299 208
298 207
297 206
303 214
302 215
301 216
300 217
299 235
299 236
299 237
299 238
300 239
301 240
286 235
286 236
286 237
286 238
286 239
286 240
281 230
280 231
279 232
278 233
277 234
276 235
275 236
274 237
273 238
272 239
271 240
279 226
279 225
279 224
279 223
279 222
265 206
266 205
267 204
268 203
269 202
270 201
271 200
272 199
273 198
274 197
274 196
274 195
274 194
274 193
274 192
274 191
274 190
274 189
274 188
274 187
274 186
274 185
275 184
276 183
277 182
274 199
275 200
276 201
277 202
278 203
279 204
280 205
281 206
282 207
190 219
191 220
192 221
193 222
194 223
195 224
187 219
186 218
185 217
184 216
183 215
182 214
181 213
180 212
189 246
190 245
191 244
192 243
193 242
194 241
195 240
196 239
197 239
198 239
199 239
200 238
201 237
202 236
203 235
204 234
205 233
206 232
207 231
208 230
209 229
210 228
211 227
205 234
206 235
207 236
208 237
209 238
210 239
211 240
196 263
195 264
194 265
193 266
192 267
191 268
190 269
189 270
188 270
187 269
186 268
185 267
184 266
183 265
182 264
181 263
180 262
179 261
178 260
177 259
176 258
175 257
174 256
180 264
179 265
178 266
177 267
176 268
175 269
174 270
173 271
172 270
171 269
170 268
169 267
168 266
167 265
166 264
165 263
164 262
163 261
162 260
161 259
160 258
159 257
158 256
158 255
158 254
158 253
158 252
158 251
158 250
158 249
158 248
158 247
158 246
158 245
158 244
157 243
156 242
155 241
155 240
155 239
155 238
155 237
155 236
155 235
155 234
155 233
155 232
155 231
155 230
155 229
154 228
153 227
152 226
152 225
152 224
152 223
152 222
152 221
152 220
152 219
152 218
152 217
152 216
152 215
152 214
152 213
152 212
152 211
152 210
152 209
152 208
152 207
152 206
152 205
152 204
152 203
152 202
152 201
152 200
152 199
152 198
152 197
152 196
152 195
152 194
152 193
152 192
152 191
152 190
152 189
152 188
152 187
152 186
152 185
153 184
154 183
155 182
156 181
156 180
156 179
156 178
156 177
156 176
156 175
156 174
156 173
156 172
156 171
156 170
156 169
156 168
156 167
156 166
156 165
156 164
156 163
156 162
156 161
156 160
156 159
156 158
156 157
156 156
156 155
156 154
156 153
156 152
156 151
156 150
156 149
156 148
156 147
157 146
158 145
159 144
160 143
161 142
157 152
158 152
159 152
160 153
161 154
162 155
163 156
164 157
157 181
158 181
159 181
160 181
161 181
162 181
163 181
164 181
165 181
166 181
167 181
168 182
169 183
153 197
154 197
155 197
156 197
157 197
158 197
159 197
160 197
161 198
162 199
151 212
150 212
149 212
148 212
147 212
146 211
145 210
144 209
143 208
142 207
141 206
140 205
139 204
138 203
137 202
153 212
154 212
155 212
156 212
157 212
158 212
159 213
160 214
151 226
150 226
149 226
148 226
147 226
146 226
145 226
144 226
143 226
142 226
141 226
140 226
139 226
138 226
137 226
136 226
135 226
134 226
133 226
132 226
131 225
130 224
129 223
128 222
127 221
126 221
125 221
124 221
123 221
122 221
121 221
120 221
119 221
118 221
117 221
116 221
115 221
114 221
113 221
112 220
111 220
110 220
109 220
108 220
107 220
106 220
105 220
104 220
103 220
102 220
101 220
100 220
99 220
98 220
97 221
97 222
97 223
97 224
97 225
97 226
97 227
97 228
96 229
95 230
94 231
93 232
92 233
91 234
112 219
112 218
112 217
112 216
112 215
112 214
111 213
110 212
109 211
108 210
107 209
106 208
105 207
104 206
103 205
102 204
101 203
100 202
112 213
113 212
114 211
115 210
116 209
117 208
118 207
119 206
120 205
121 204
122 203
113 222
113 223
113 224
113 225
113 226
113 227
113 228
113 229
113 230
113 231
113 232
113 233
113 234
112 235
132 227
131 228
130 229
129 230
128 231
127 232
126 233
134 225
156 229
157 229
158 229
159 229
160 229
161 229
162 229
163 229
164 229
165 230
164 264
163 265
162 266
161 267
160 268
159 269
158 270
157 271
156 271
155 271
154 271
153 271
152 271
151 270
150 269
149 268
148 267
147 266
146 265
145 264
144 263
143 262
142 261
148 269
147 270
146 271
145 272
144 273
143 274
142 275
141 276
140 275
139 274
138 273
137 272
136 271
135 270
134 269
133 268
132 267
131 266
130 265
129 264
128 263
127 262
126 261
126 260
126 259
126 258
126 257
126 256
126 255
127 254
128 253
129 252
130 251
132 269
131 270
130 271
129 272
128 273
127 274
126 275
125 276
124 275
123 274
122 273
121 272
120 271
119 270
118 269
117 268
116 267
115 266
114 265
113 264
112 263
111 262
110 261
110 260
110 259
110 258
110 257
110 256
110 255
110 254
110 253
110 252
110 251
109 250
116 269
115 270
114 271
113 272
112 273
111 274
110 275
109 276
108 275
107 274
106 273
105 272
104 271
103 270
102 269
101 268
100 267
99 266
98 265
97 264
96 263
95 262
94 261
94 260
94 259
94 258
94 257
94 256
94 255
93 254
92 253
91 252
100 269
99 270
98 271
97 272
96 273
95 274
94 275
93 276
93 277
93 278
93 279
93 280
93 281
93 282
93 283
93 284
93 285
93 286
93 287
93 288
93 289
92 290
91 291
90 291
89 291
88 291
87 291
86 291
85 291
84 291
83 291
82 291
81 291
80 291
79 291
78 291
77 291
76 291
75 291
74 291
73 291
72 291
71 291
70 291
69 291
68 291
67 291
66 291
65 290
64 289
63 288
62 287
61 286
60 285
60 284
60 283
60 282
60 281
60 280
60 279
60 278
60 277
60 276
60 275
60 274
60 273
60 272
60 271
60 270
60 269
60 268
60 267
60 266
60 265
60 264
60 263
60 262
60 261
60 260
60 259
59 258
58 257
57 256
56 255
56 254
56 253
56 252
56 251
56 250
56 249
56 248
56 247
56 246
56 245
56 244
56 243
56 242
56 241
56 240
56 239
56 238
56 237
56 236
56 235
60 257
61 256
62 255
63 254
64 253
65 252
66 251
67 250
68 249
69 248
70 247
71 246
72 245
66 292
66 293
66 294
66 295
66 296
66 297
65 298
64 299
63 300
62 301
61 302
60 303
59 304
58 305
57 306
56 307
94 289
95 289
96 290
97 291
92 276
91 276
90 276
89 276
88 276
87 276
86 276
85 275
84 274
83 273
82 272
81 271
80 270
79 269
78 268
125 277
125 278
124 279
123 280
122 281
121 282
120 283
119 284
118 285
117 286
116 287
115 288
114 289
113 290
112 291
141 277
141 278
141 279
140 280
139 281
138 282
137 283
136 284
135 285
134 286
133 287
132 288
131 289
130 290
129 291
144 274
145 275
146 276
147 277
148 278
149 279
150 280
151 281
152 282
153 283
154 284
155 285
156 286
156 287
156 288
156 289
156 290
156 291
156 292
156 293
156 294
156 295
156 296
156 297
156 298
156 299
155 300
154 301
153 301
152 301
151 301
150 301
149 301
148 301
147 302
146 303
145 304
144 305
143 306
142 307
141 308
140 309
139 310
138 310
137 310
136 310
135 310
134 310
133 310
132 310
131 310
130 310
129 310
128 310
127 310
126 310
125 310
124 310
123 310
122 310
121 310
120 310
119 310
118 310
117 310
116 310
115 310
114 310
113 310
112 310
111 310
110 310
109 310
108 310
107 310
106 310
105 310
104 310
103 310
102 310
101 310
100 310
99 310
98 310
97 310
96 310
95 310
94 310
95 311
95 312
95 313
95 314
95 315
94 316
93 317
92 318
91 319
90 320
89 321
88 322
87 323
86 324
85 325
89 320
88 319
87 318
86 317
85 316
84 315
83 314
82 313
81 312
80 311
79 310
110 311
110 312
110 313
110 314
110 315
110 316
109 317
108 318
107 319
106 320
105 321
104 322
103 323
102 324
101 325
109 318
110 319
111 320
112 321
113 322
114 323
115 324
116 325
117 325
118 325
119 325
120 325
121 325
122 325
123 325
124 325
125 325
126 325
127 325
128 325
156 300
157 301
158 302
159 303
160 304
161 305
162 306
163 307
164 308
165 309
166 310
167 311
168 312
169 313
170 313
171 313
172 313
173 313
174 313
175 313
176 313
177 313
178 313
179 314
180 315
181 316
182 317
183 318
184 319
184 320
184 321
184 322
184 323
184 324
184 325
184 326
184 327
184 328
184 329
184 330
184 331
184 332
184 333
184 334
184 335
184 336
184 337
184 338
184 339
184 340
184 341
184 342
184 343
184 344
184 345
184 346
184 347
184 348
183 349
183 350
183 351
183 352
183 353
183 354
183 355
183 356
183 357
183 358
183 359
183 360
183 361
183 362
182 363
181 364
181 365
181 366
181 367
181 368
181 369
181 370
181 371
181 372
181 373
181 374
181 375
181 376
181 377
181 378
181 379
182 380
183 381
184 381
185 381
186 381
187 381
188 381
189 381
190 381
191 381
192 381
193 381
194 381
195 381
196 381
197 381
198 382
199 382
200 382
201 382
202 382
203 382
204 382
205 382
206 382
207 382
208 382
209 382
210 382
211 382
212 382
213 383
214 383
215 383
216 383
217 383
218 383
219 383
220 383
221 383
198 383
198 384
198 385
198 386
198 387
198 388
197 389
196 390
195 391
194 392
193 393
192 394
191 395
190 396
189 397
184 362
185 362
186 362
187 363
188 364
189 365
185 348
186 348
187 348
188 348
189 348
190 348
191 348
192 348
193 348
192 349
192 350
192 351
193 352
194 353
195 354
196 355
197 356
198 357
199 358
200 359
201 360
202 361
203 362
185 319
186 320
187 321
188 322
189 323
190 324
191 325
192 326
193 327
194 328
195 329
196 330
197 331
198 332
199 333
199 334
199 335
199 336
200 337
201 338
202 339
203 340
204 341
205 342
206 343
207 344
208 345
209 346
210 347
162 308
161 309
160 310
159 311
158 312
157 313
156 314
155 315
154 316
154 317
154 318
154 319
154 320
154 321
154 322
154 323
154 324
154 325
154 326
154 327
154 328
154 329
154 330
153 331
153 332
153 333
153 334
153 335
153 336
153 337
153 338
153 339
153 340
153 341
153 342
153 343
153 344
153 345
153 346
153 347
153 348
153 349
153 350
153 351
153 352
153 353
153 354
153 355
153 356
153 357
153 358
153 359
153 360
152 361
152 362
152 363
152 364
152 365
152 366
152 367
152 368
152 369
152 370
152 371
152 372
152 373
152 374
152 375
152 376
152 377
152 378
152 379
152 380
152 381
152 382
152 383
152 384
152 385
152 386
152 387
152 388
152 389
152 390
152 391
152 392
152 393
152 394
152 395
152 396
152 397
152 398
152 399
152 400
152 401
152 402
152 403
152 404
152 405
152 406
152 407
152 408
152 409
152 410
152 411
152 412
152 413
152 414
152 415
153 416
154 417
155 418
156 419
157 420
157 421
157 422
157 423
157 424
157 425
157 426
157 427
157 428
157 429
157 430
157 431
157 432
157 433
157 434
158 435
159 435
160 434
161 433
162 432
163 431
164 430
165 429
166 428
167 427
168 426
169 425
170 424
171 423
172 422
173 421
174 421
175 421
176 421
177 421
178 421
179 421
180 421
181 421
182 421
183 421
184 421
185 421
186 421
187 421
188 421
189 421
190 421
191 421
192 421
193 421
194 421
195 421
196 421
197 421
198 421
199 421
200 421
201 421
202 421
203 421
204 421
205 421
206 421
207 421
208 421
209 421
210 421
211 421
212 421
213 421
214 421
215 421
216 421
217 421
218 421
219 421
220 421
221 421
222 421
223 421
224 421
225 421
226 421
227 421
228 421
229 421
230 421
231 421
232 421
233 422
234 422
235 422
236 422
237 422
238 422
239 422
240 422
241 422
242 422
243 422
244 422
245 422
246 422
247 422
248 422
249 422
250 422
251 422
252 422
253 422
254 422
255 422
256 422
257 422
258 422
259 422
260 422
261 422
262 422
263 422
264 422
265 422
266 423
267 424
268 425
269 426
270 427
271 428
272 429
273 430
274 431
275 432
276 433
277 434
272 428
273 427
274 426
275 425
276 424
277 423
278 422
269 428
268 429
267 430
266 431
265 432
264 433
263 434
262 435
249 421
250 420
251 419
252 418
253 417
254 416
255 415
256 414
257 413
258 412
259 411
260 410
261 409
262 408
263 407
264 406
265 405
266 404
267 403
268 402
269 401
270 400
270 399
270 398
270 397
270 396
270 395
270 394
270 393
270 392
270 391
270 390
270 389
270 388
270 387
270 386
270 385
271 386
272 386
273 386
274 386
275 386
276 385
277 384
278 383
271 400
272 400
273 400
274 400
275 400
276 400
277 399
278 398
263 406
262 405
261 404
260 403
259 402
258 401
257 400
256 399
255 398
254 397
253 396
252 395
251 394
250 393
249 392
248 391
247 390
246 389
245 388
244 387
243 386
242 385
241 384
240 383
248 390
249 389
250 388
251 387
252 386
253 385
254 384
255 383
246 391
245 392
244 393
243 394
242 395
241 396
240 397
239 398
253 398
247 423
247 424
247 425
247 426
247 427
247 428
247 429
247 430
247 431
247 432
247 433
247 434
248 435
233 423
233 424
233 425
233 426
233 427
233 428
233 429
233 430
233 431
233 432
233 433
233 434
233 435
217 422
217 423
217 424
217 425
217 426
217 427
217 428
217 429
217 430
217 431
217 432
217 433
217 434
218 435
202 422
202 423
202 424
202 425
202 426
202 427
202 428
202 429
202 430
202 431
202 432
202 433
202 434
203 435
187 422
187 423
187 424
187 425
187 426
187 427
187 428
187 429
187 430
187 431
187 432
187 433
187 434
188 435
167 429
168 430
169 431
170 432
171 433
172 434
173 435
153 392
154 393
155 394
156 395
157 396
158 397
159 398
160 399
161 399
162 399
163 399
164 399
165 399
166 399
167 399
168 399
169 399
170 399
171 399
172 398
173 397
174 396
151 390
150 390
149 390
148 390
147 390
146 390
145 390
144 390
143 390
142 390
141 390
140 391
139 392
138 393
137 394
136 395
135 396
134 397
133 398
132 399
131 400
130 401
129 402
128 403
127 404
126 405
125 406
124 407
123 408
122 409
121 410
120 411
119 412
118 413
117 414
116 415
115 416
114 417
113 418
112 419
111 420
110 421
109 422
108 423
107 424
119 414
120 415
121 416
122 417
123 418
124 419
125 420
126 421
127 422
128 423
129 424
130 425
131 426
132 427
133 428
134 428
135 428
136 428
137 428
138 428
129 426
128 427
127 428
126 429
125 430
124 431
123 432
122 433
121 434
120 435
119 436
118 437
117 438
116 439
121 411
122 412
123 413
125 404
124 403
123 402
122 401
121 400
135 394
134 393
133 392
132 391
141 389
140 388
139 387
138 386
137 385
136 384
135 383
134 382
133 381
132 380
131 379
130 378
129 377
128 376
153 375
154 375
155 375
156 375
157 375
158 375
159 376
160 377
151 361
150 361
149 361
148 361
147 361
146 361
145 360
144 359
143 358
142 357
141 356
140 355
139 354
138 353
137 352
136 351
135 350
134 349
133 348
132 347
131 346
130 345
129 344
128 343
127 342
126 343
125 344
124 345
123 346
122 347
121 348
120 349
119 350
118 351
117 352
116 353
115 354
114 355
113 356
112 357
111 358
110 359
109 360
108 361
107 361
106 361
105 361
104 361
103 361
102 361
101 361
100 361
99 361
98 361
97 361
96 361
95 361
94 361
93 361
92 361
91 361
90 361
89 361
88 361
87 361
86 361
85 361
84 361
83 361
82 361
81 361
80 361
79 360
78 359
77 358
76 358
75 358
74 358
73 358
72 358
71 358
70 358
69 358
68 358
67 358
66 358
65 358
64 358
63 358
62 358
61 358
60 358
59 358
58 358
57 358
56 358
55 358
54 358
53 358
52 358
51 358
50 358
49 358
48 358
47 358
46 358
45 358
44 358
43 358
42 358
41 358
40 358
39 358
38 358
37 358
36 358
35 358
34 358
33 358
32 358
31 358
30 358
29 358
28 358
27 358
26 358
25 358
24 358
23 359
24 357
24 356
24 355
24 354
24 353
24 352
24 351
24 350
24 349
24 348
24 347
24 346
24 345
24 344
24 343
24 342
23 341
22 340
21 339
20 338
19 337
18 336
17 335
16 334
15 333
17 334
18 333
19 332
20 331
21 330
22 329
23 328
24 327
25 326
26 325
27 324
28 324
29 324
30 324
31 325
25 342
26 342
27 341
28 340
77 357
77 356
77 355
77 354
77 353
76 352
75 351
74 350
73 349
72 348
71 347
70 346
69 345
68 344
67 343
66 342
65 341
64 341
63 341
62 341
61 341
60 341
59 340
58 339
57 338
56 337
55 336
54 335
53 334
52 333
51 332
50 331
49 330
60 339
61 338
62 337
63 336
64 335
65 334
66 333
67 332
68 331
69 330
70 329
71 328
70 344
71 343
78 353
79 353
80 353
81 352
82 351
83 350
84 349
85 348
86 347
87 346
88 345
89 344
90 343
91 342
78 361
77 362
76 363
75 364
74 365
73 366
72 367
71 368
70 369
69 370
68 371
67 372
66 373
65 374
64 375
63 376
62 377
61 378
60 379
59 380
58 381
57 382
56 383
55 384
54 385
53 386
52 387
51 388
50 389
49 390
48 391
47 391
46 391
45 391
44 391
43 391
42 391
41 390
40 389
39 388
38 387
37 386
36 385
35 384
34 383
33 382
34 382
35 381
36 380
37 379
38 378
39 377
40 376
51 390
52 391
53 392
54 393
55 394
56 395
57 396
58 397
59 398
60 399
61 398
62 397
63 396
64 395
75 366
76 367
77 368
78 369
79 370
80 371
81 372
82 373
83 374
84 375
85 376
86 377
86 378
86 379
87 380
88 381
89 382
90 383
91 384
92 385
93 386
94 387
95 388
96 389
97 390
96 391
95 392
94 393
93 394
92 395
91 396
90 397
89 398
88 399
87 400
86 401
91 383
92 382
93 381
94 380
95 379
96 378
97 377
98 376
99 375
100 374
101 373
117 353
118 354
119 355
120 356
121 357
122 358
123 359
116 351
115 350
114 349
113 348
112 347
111 346
110 345
109 344
108 343
107 342
132 345
133 344
134 343
135 342
140 356
139 357
138 358
137 359
154 360
155 360
156 360
157 360
158 360
159 360
160 360
161 360
162 360
163 360
164 361
165 362
154 345
155 345
156 345
157 345
158 345
159 345
160 345
161 345
162 345
163 345
164 345
155 330
156 330
157 330
158 330
159 330
160 330
161 330
162 330
159 301
160 300
161 299
162 298
163 297
164 296
165 295
166 294
167 293
168 292
169 291
170 290
171 289
171 291
172 292
173 293
174 294
175 295
176 296
177 297
178 298
179 299
180 300
181 301
182 302
183 303
184 304
185 304
186 305
187 306
188 307
189 308
190 309
191 310
192 311
193 312
194 313
195 314
196 315
197 316
198 317
199 318
200 318
201 319
202 320
203 321
204 322
205 323
206 324
207 325
208 326
209 327
210 328
211 329
212 330
213 331
214 332
178 296
179 295
180 294
181 293
182 292
183 291
184 290
185 289
186 288
186 290
187 291
188 292
189 293
190 294
191 295
192 296
193 297
194 298
195 299
196 300
197 301
198 302
199 303
200 303
201 304
202 305
203 306
204 307
205 308
206 309
207 310
208 311
209 312
210 313
211 314
212 315
213 316
214 317
215 317
216 318
217 319
218 320
219 321
220 322
221 323
222 324
223 325
224 326
225 327
226 328
227 329
228 330
229 331
230 331
231 332
232 333
233 334
234 335
235 336
236 337
237 338
238 339
239 340
240 341
241 342
242 343
243 344
244 345
236 339
235 340
234 341
233 342
232 343
231 344
230 345
229 346
229 347
229 348
229 349
229 350
229 351
229 352
229 353
229 354
229 355
230 356
231 357
232 358
233 359
234 360
234 361
235 362
236 363
237 364
238 365
239 366
240 367
241 367
242 367
243 367
244 366
245 365
246 364
247 363
248 362
249 361
250 360
230 358
229 359
228 360
227 361
226 362
225 363
224 364
223 365
222 366
193 295
194 294
195 293
196 292
197 291
198 290
199 289
200 288
201 287
201 289
202 290
203 291
204 292
205 293
206 294
207 295
208 296
209 297
210 298
211 299
212 300
213 301
214 302
215 302
216 303
217 304
218 305
219 306
220 307
221 308
222 309
223 310
224 311
225 312
226 313
227 314
228 315
229 316
230 316
231 317
232 318
233 319
234 320
235 321
236 322
237 323
238 324
239 325
240 326
241 327
242 328
243 329
244 330
245 331
246 332
247 333
248 334
249 335
250 336
251 337
252 338
253 339
254 340
255 341
256 342
257 343
258 344
259 345
260 346
261 347
262 348
263 349
264 350
265 351
266 352
267 353
268 354
269 355
270 356
271 357
272 358
273 359
274 360
275 361
276 362
277 363
278 364
279 365
280 366
281 367
268 356
267 357
266 358
265 359
264 360
208 294
209 293
210 292
211 291
212 290
213 289
214 288
215 287
216 286
216 288
217 289
218 290
219 291
220 292
221 293
222 294
223 295
224 296
225 297
226 298
227 299
228 300
229 301
230 301
231 302
232 303
233 304
234 305
235 306
236 307
237 308
238 309
239 310
240 311
241 312
242 313
243 314
244 315
245 316
246 317
247 318
248 319
249 320
250 321
251 322
252 323
253 324
254 325
255 326
256 327
257 328
258 329
259 330
260 331
261 332
262 333
263 334
264 335
265 336
266 337
267 338
268 339
269 340
270 341
271 342
272 343
273 344
274 345
275 345
276 345
277 345
278 345
279 345
280 345
281 345
223 293
224 292
225 291
226 290
227 289
228 288
229 287
230 286
231 285
231 287
232 288
233 289
234 290
235 291
236 292
237 293
238 294
239 295
240 296
241 297
242 298
243 299
244 300
245 301
246 302
247 303
248 304
249 305
250 306
251 307
252 308
253 309
254 310
255 311
256 312
257 313
258 314
259 315
260 316
261 317
262 318
263 319
264 320
265 321
266 322
267 323
268 324
269 325
270 326
271 327
272 328
273 329
274 330
238 293
239 292
240 291
241 290
242 289
243 288
244 287
245 286
246 285
246 287
247 288
248 289
249 290
250 291
251 292
252 293
253 294
254 295
255 296
256 297
257 298
258 299
259 300
260 301
261 302
262 303
263 304
264 305
265 306
266 307
267 308
268 309
269 310
270 311
271 312
272 313
273 314
274 315
253 293
254 292
255 291
256 290
257 289
258 288
259 287
260 286
261 285
261 287
262 288
263 289
264 290
265 291
266 292
267 293
268 294
269 295
270 296
271 297
272 298
273 299
274 300
268 293
269 292
270 291
271 290
272 289
273 288
274 287
275 286
276 285
276 287
277 288
278 289
279 290
280 291
281 292
282 293
283 294
284 295
285 296
286 297
287 298
288 299
289 300
289 301
289 302
289 303
289 304
290 305
291 306
292 307
293 308
294 309
295 310
296 311
297 312
298 313
299 314
300 315
300 316
300 317
300 318
300 319
300 320
300 321
300 322
300 323
300 324
300 325
299 326
298 327
297 328
296 329
295 330
295 331
295 332
295 333
295 334
295 335
295 336
295 337
295 338
295 339
295 340
295 341
295 342
295 343
295 344
296 345
296 346
296 347
296 348
297 349
298 350
299 351
300 352
301 353
302 354
292 308
291 309
290 310
289 311
288 312
287 313
286 314
285 315
283 293
284 292
285 291
286 290
287 289
288 288
289 287
290 286
291 285
291 287
292 288
293 289
294 290
295 291
296 292
297 293
298 294
299 295
300 296
301 297
302 298
303 299
304 300
298 293
299 292
300 291
301 290
302 289
303 288
304 287
305 286
306 285
306 287
307 288
308 289
309 290
310 291
311 292
312 293
313 294
314 295
315 296
316 297
317 298
318 299
319 300
319 301
319 302
319 303
319 304
319 305
319 306
319 307
319 308
319 309
319 310
319 311
319 312
319 313
319 314
320 315
320 316
320 317
320 318
320 319
320 320
320 321
320 322
320 323
320 324
320 325
320 326
320 327
320 328
320 329
320 330
320 331
320 332
320 333
320 334
320 335
320 336
320 337
320 338
320 339
320 340
320 341
320 342
320 343
320 344
321 316
322 317
323 318
324 319
325 320
326 321
327 322
328 323
329 324
330 325
331 326
332 327
333 328
334 329
335 330
335 331
335 332
335 333
335 334
335 335
335 336
335 337
335 338
335 339
335 340
335 341
335 342
335 343
313 293
314 292
315 291
316 290
317 289
318 288
319 287
320 286
321 285
321 287
322 288
323 289
324 290
325 291
326 292
327 293
328 294
329 295
330 296
331 297
332 298
333 299
334 300
334 301
334 302
334 303
334 304
334 305
334 306
334 307
334 308
334 309
334 310
334 311
334 312
334 313
334 314
335 315
336 316
337 317
338 318
339 319
340 320
341 321
342 322
343 323
344 324
345 325
346 326
347 327
348 328
349 329
350 330
350 331
350 332
350 333
350 334
350 335
350 336
350 337
350 338
350 339
350 340
350 341
350 342
350 343
328 293
329 292
330 291
331 290
332 289
333 288
334 287
335 286
336 285
336 287
337 288
338 289
339 290
340 291
341 292
342 293
343 294
344 295
345 296
346 297
347 298
348 299
349 300
349 301
349 302
349 303
349 304
349 305
349 306
349 307
349 308
349 309
349 310
349 311
349 312
349 313
349 314
350 315
351 315
352 316
353 317
354 318
355 319
356 320
357 321
358 322
359 323
360 324
361 325
362 326
363 327
364 328
365 329
365 330
365 331
365 332
365 333
365 334
365 335
365 336
365 337
365 338
365 339
365 340
365 341
343 292
344 291
345 290
346 289
347 288
348 287
349 286
350 285
351 284
351 283
351 282
351 281
351 280
351 279
351 278
351 277
351 276
351 286
352 287
353 288
354 289
355 290
356 291
357 292
358 293
359 294
360 295
361 296
362 297
363 298
364 299
364 300
364 301
364 302
364 303
364 304
364 305
364 306
364 307
364 308
364 309
364 310
364 311
364 312
364 313
365 314
366 314
367 315
368 316
369 317
370 318
371 319
372 320
373 321
374 322
375 323
376 324
377 325
378 326
379 327
380 328
380 329
381 330
382 331
383 332
384 333
385 334
386 335
387 336
388 337
389 338
390 339
391 340
392 341
393 342
394 343
395 344
396 345
397 346
398 347
399 348
400 349
401 349
402 348
403 347
404 346
405 345
406 344
407 343
408 342
409 341
410 340
411 339
412 338
413 337
414 336
415 335
415 334
415 333
415 332
415 331
415 330
415 329
416 328
417 327
418 326
419 325
420 324
421 323
422 322
423 321
424 320
424 319
424 318
424 317
424 316
424 315
424 314
424 313
424 312
424 311
424 310
425 309
426 308
427 307
428 306
429 305
429 304
429 303
429 302
429 301
429 300
429 299
429 298
429 297
429 296
429 295
429 294
429 293
430 292
431 291
432 290
432 289
432 288
432 287
432 286
432 285
432 284
432 283
432 282
432 281
432 280
432 279
432 278
432 277
432 276
433 275
433 274
433 273
433 272
433 271
433 270
433 269
433 268
433 267
433 266
433 265
433 264
433 263
433 262
433 261
432 260
434 260
435 259
436 258
437 257
438 256
439 255
440 254
441 253
442 252
443 251
444 250
445 249
446 248
447 247
447 246
447 245
448 244
449 243
450 242
451 241
452 240
453 239
454 238
455 237
456 236
457 235
458 234
459 233
460 232
460 231
460 230
460 229
460 228
460 227
460 226
460 225
460 224
454 239
455 240
456 241
457 242
458 243
459 244
460 245
461 246
462 247
462 245
463 244
464 243
465 242
466 241
467 240
468 239
469 238
470 237
471 236
472 235
473 234
474 233
475 232
476 232
477 232
478 232
479 232
480 232
481 232
482 232
483 231
484 230
485 229
486 228
487 227
488 226
489 225
490 224
491 224
492 224
493 224
494 224
495 224
496 224
497 224
498 224
499 224
500 224
501 224
502 224
503 224
504 224
505 224
506 224
507 224
508 224
509 224
510 224
511 224
512 224
513 224
514 225
491 225
492 226
493 227
494 228
495 229
496 230
497 231
498 232
499 233
500 234
501 235
502 236
503 237
504 238
505 239
506 239
507 239
508 239
509 239
510 239
511 239
512 239
513 239
514 239
515 239
516 239
517 239
518 239
519 240
520 241
521 241
522 241
523 241
524 241
525 241
526 241
527 241
528 241
529 241
530 241
531 241
532 241
533 241
534 241
535 241
534 242
534 243
535 244
536 245
537 246
538 247
539 248
540 249
541 250
542 251
543 252
544 253
545 254
546 255
538 248
537 249
536 250
535 251
534 252
533 253
532 254
531 255
539 246
540 245
541 244
542 243
543 242
544 241
545 240
546 239
546 238
546 237
546 236
546 235
546 234
547 233
548 232
549 231
550 230
551 229
552 228
553 227
483 232
484 233
485 234
486 235
487 236
488 237
489 238
490 239
490 240
490 241
490 242
490 243
490 244
490 245
490 246
475 231
475 230
475 229
475 228
475 227
475 226
475 225
475 224
468 240
469 241
470 242
471 243
472 244
473 245
474 246
475 247
439 253
438 252
437 251
436 250
435 249
434 248
433 247
432 246
431 245
431 244
431 243
431 242
431 241
431 240
431 239
431 238
431 237
431 236
430 235
429 234
428 233
427 232
426 231
425 230
425 229
425 228
425 227
425 226
425 225
425 224
425 223
424 222
423 221
422 220
421 219
420 218
419 217
418 216
417 215
417 214
417 213
416 212
415 211
414 210
413 209
412 208
411 207
410 206
409 205
408 204
407 203
406 202
405 201
404 200
403 199
402 198
401 197
400 196
399 195
398 194
397 193
396 192
395 191
394 190
393 189
392 188
391 187
390 186
389 185
388 185
387 185
386 185
385 185
384 185
383 184
382 183
381 182
380 181
379 180
378 179
377 178
376 177
375 176
374 175
373 175
372 175
371 175
370 175
369 175
368 175
367 175
366 175
365 174
364 173
363 172
362 171
361 170
360 169
359 168
359 167
359 166
360 165
361 164
362 163
363 162
364 161
365 160
366 159
367 158
368 157
369 156
370 155
371 154
372 153
373 152
374 151
375 150
376 149
377 149
378 149
379 149
380 149
381 149
382 149
383 149
384 149
385 149
386 148
387 147
388 146
389 145
390 144
391 143
392 143
393 143
394 143
395 143
396 143
397 143
398 143
399 143
400 144
401 145
402 146
403 147
404 148
405 149
406 150
406 149
407 148
408 147
409 146
410 145
411 144
412 143
388 147
389 148
390 149
391 150
376 148
376 147
376 146
376 145
376 144
375 143
362 161
361 160
360 159
359 158
358 157
357 156
356 155
355 154
354 153
353 152
352 151
351 150
350 149
349 148
348 148
347 148
346 148
345 148
344 148
343 148
342 148
341 148
340 148
339 148
338 147
337 146
336 145
335 144
334 143
333 143
332 143
331 143
330 143
329 143
328 143
327 143
326 143
325 143
324 143
323 143
322 143
321 143
320 143
319 142
318 142
317 142
316 142
315 142
314 142
313 142
312 142
311 142
310 142
309 142
308 142
307 142
306 142
305 142
304 142
319 141
319 140
319 139
319 138
320 137
321 136
322 135
323 134
324 133
325 132
326 131
327 130
328 129
329 128
330 127
331 126
332 125
333 125
334 125
335 124
336 123
337 122
338 121
339 120
340 119
341 118
342 117
343 116
344 115
345 114
346 113
347 112
348 112
349 112
350 112
351 112
352 112
353 112
354 112
355 112
356 112
357 112
358 112
359 112
360 112
361 112
362 113
363 113
364 113
365 113
366 113
367 113
368 113
369 113
370 113
371 113
372 113
373 113
374 113
375 113
376 113
377 114
378 114
379 114
380 114
381 114
382 114
383 114
384 114
385 114
386 114
387 114
388 114
389 114
390 114
391 114
392 114
391 113
391 112
391 111
391 110
391 109
391 108
391 107
391 106
391 105
391 104
392 103
393 102
394 101
395 100
396 99
396 98
396 97
396 96
396 95
396 94
396 93
396 92
396 91
396 90
396 89
396 88
396 87
396 86
396 85
396 84
396 83
396 82
396 81
396 80
396 79
396 78
396 77
396 76
396 75
396 74
396 73
396 72
396 71
396 70
396 69
396 68
396 67
396 66
396 65
396 64
396 63
396 62
396 61
396 60
397 59
398 58
399 57
400 56
401 55
402 54
400 58
401 59
402 60
403 61
404 62
405 63
406 64
407 65
408 66
409 67
410 68
411 69
412 69
413 69
414 69
415 69
416 69
417 69
418 69
419 69
406 63
407 62
408 61
409 60
410 59
411 58
412 57
413 56
414 55
415 54
395 70
394 69
393 68
392 67
391 66
390 65
389 64
388 63
387 62
386 61
385 60
384 59
383 58
397 85
398 85
399 85
400 85
401 85
402 85
403 85
404 85
405 85
406 85
407 85
408 84
395 102
396 103
397 104
398 105
399 106
400 107
401 108
402 109
403 110
404 111
405 112
406 113
407 114
408 114
409 114
410 114
411 114
412 114
413 114
414 114
415 114
416 113
417 112
418 111
419 110
420 109
421 108
422 107
420 110
421 111
422 112
423 113
424 114
425 115
426 116
427 117
428 118
429 119
430 120
431 121
432 122
428 116
429 115
430 114
431 113
432 112
433 111
434 110
435 109
436 108
437 107
435 110
436 111
437 112
438 113
439 114
440 115
441 116
442 117
443 118
444 119
445 120
446 121
447 122
443 116
444 115
445 114
446 113
447 112
448 111
449 110
450 109
451 108
452 107
450 110
451 111
452 112
453 113
454 114
455 115
456 116
457 117
458 118
459 119
460 120
461 121
462 122
462 123
462 124
462 125
462 126
462 127
462 128
462 129
462 130
462 131
462 132
463 133
464 134
465 135
466 136
467 137
468 138
469 139
470 140
471 141
472 142
473 142
474 142
475 142
476 142
477 142
478 142
479 142
480 142
481 142
482 142
483 142
484 142
485 142
486 142
487 142
488 142
489 142
490 142
491 142
492 142
493 142
494 142
495 142
496 142
497 142
498 142
499 142
500 142
501 142
502 142
486 143
486 144
486 145
486 146
486 147
486 148
486 149
486 150
487 151
488 152
489 153
490 154
491 155
492 156
493 157
494 157
495 157
496 157
497 157
498 157
499 157
500 157
501 157
502 157
503 157
504 157
505 157
504 156
505 155
506 154
507 153
508 152
509 151
510 150
511 149
512 148
513 147
514 146
515 145
516 144
517 144
518 144
519 144
520 144
521 144
522 144
506 157
507 157
508 157
509 158
510 159
472 143
472 144
471 145
470 146
469 147
468 148
467 149
466 150
465 151
464 152
463 153
462 154
461 155
460 156
459 157
465 152
466 153
467 154
468 155
469 156
470 157
471 157
472 157
473 157
474 157
475 157
476 157
462 134
461 135
460 136
459 137
458 138
457 139
456 140
455 141
454 142
458 116
459 115
460 114
461 113
462 112
463 111
464 110
465 109
466 108
467 107
465 110
466 111
467 112
468 113
469 114
470 115
471 116
472 117
473 118
474 119
475 120
476 121
477 122
473 116
474 115
475 114
476 113
477 112
478 111
479 110
480 109
481 108
482 107
480 110
481 111
482 112
483 113
484 114
485 115
486 116
487 117
488 118
489 119
490 120
491 121
492 122
488 116
489 115
490 114
491 113
492 112
493 111
494 110
495 109
496 108
497 107
495 110
496 111
497 112
498 113
499 114
500 115
501 116
502 117
503 118
504 119
505 120
506 121
507 122
503 116
504 115
505 114
506 113
507 112
508 111
509 110
510 109
511 108
512 107
510 110
511 111
512 112
513 113
514 114
515 115
516 116
517 117
518 118
519 119
520 120
521 121
522 122
518 116
519 115
520 114
521 113
522 112
523 111
524 110
525 109
526 108
527 107
525 110
526 111
527 112
528 113
529 114
530 115
531 116
532 117
533 118
534 119
535 120
536 121
537 122
537 123
537 124
537 125
537 126
537 127
537 128
537 129
537 130
537 131
537 132
538 133
539 134
540 135
541 136
542 137
533 116
534 115
535 114
536 113
537 112
538 111
539 110
540 109
541 108
542 107
543 107
544 107
545 107
546 107
547 107
548 107
549 107
550 107
551 107
552 107
553 107
554 107
555 107
556 107
557 107
558 107
559 107
560 107
561 107
562 107
563 107
564 107
565 107
566 107
567 107
568 107
569 107
570 107
571 107
572 107
571 108
571 109
571 110
571 111
571 112
571 113
572 114
573 115
574 116
575 117
576 118
577 119
578 120
579 121
580 122
580 123
580 124
580 125
580 126
580 127
580 128
580 129
580 130
580 131
580 132
580 133
580 134
580 135
580 136
581 137
581 138
581 139
581 140
581 141
581 142
581 143
581 144
581 145
581 146
581 147
581 148
581 149
580 150
579 151
578 152
577 152
576 152
575 152
574 152
573 152
572 152
571 152
570 152
569 152
568 152
567 153
566 154
565 155
564 156
563 157
582 149
583 149
584 149
585 149
586 149
587 149
588 149
589 150
590 151
591 152
592 153
593 154
593 155
593 156
593 157
592 158
591 159
590 160
589 161
588 162
587 163
586 164
585 165
584 166
583 167
582 168
581 169
581 170
581 171
581 172
581 173
581 174
581 175
581 176
581 177
581 178
581 179
581 180
581 181
581 182
581 183
581 184
581 185
581 186
581 187
581 188
581 189
581 190
581 191
581 192
581 193
581 194
580 195
579 196
578 197
577 198
576 199
576 200
576 201
576 202
576 203
576 204
576 205
576 206
576 207
576 208
576 209
576 210
576 211
576 212
576 213
576 214
576 215
576 216
576 217
576 218
576 219
576 220
576 221
576 222
576 223
576 224
576 225
576 226
576 227
576 228
576 229
576 230
576 231
576 232
576 233
576 234
576 235
576 236
576 237
576 238
576 239
576 240
576 241
576 242
576 243
576 244
576 245
576 246
576 247
576 248
576 249
576 250
576 251
576 252
576 253
576 254
576 255
576 256
576 257
576 258
576 259
576 260
576 261
576 262
576 263
576 264
576 265
576 266
576 267
576 268
576 269
576 270
576 271
576 272
576 273
576 274
576 275
576 276
576 277
576 278
576 279
576 280
576 281
576 282
576 283
576 284
576 285
576 286
576 287
576 288
575 289
575 290
575 291
575 292
575 293
575 294
575 295
575 296
575 297
575 298
575 299
575 300
575 301
575 302
575 303
575 304
575 305
575 306
575 307
575 308
575 309
575 310
575 311
575 312
575 313
575 314
575 315
575 316
575 317
575 318
575 319
575 320
575 321
575 322
575 323
575 324
575 325
575 326
575 327
575 328
575 329
575 330
575 331
575 332
575 333
575 334
575 335
575 336
575 337
575 338
575 339
575 340
575 341
575 342
575 343
575 344
575 345
575 346
575 347
575 348
575 349
575 350
575 351
575 352
575 353
575 354
575 355
575 356
575 357
575 358
576 359
577 360
578 361
579 362
580 363
581 364
581 365
581 366
581 367
581 368
581 369
581 370
581 371
581 372
581 373
581 374
581 375
581 376
580 377
579 378
578 379
577 379
576 379
575 379
574 379
573 379
572 379
571 379
570 380
569 381
568 382
567 383
566 384
565 385
564 386
563 387
582 376
583 377
584 378
585 379
586 380
587 381
588 382
589 383
590 384
591 385
592 386
593 387
594 387
595 387
596 387
597 387
598 387
599 387
600 387
601 387
602 387
603 387
604 387
605 387
606 387
607 387
608 387
609 387
610 387
611 387
612 387
613 387
614 387
615 387
616 387
617 387
618 387
619 387
620 387
621 387
622 386
623 385
624 385
625 385
626 385
627 385
628 385
629 385
630 385
631 385
632 385
633 385
634 385
635 385
636 385
637 385
638 385
623 384
623 383
623 382
623 381
623 380
623 379
623 378
623 377
623 376
623 375
623 374
623 373
623 372
622 371
621 370
621 388
621 389
621 390
621 391
621 392
621 393
621 394
621 395
621 396
621 397
621 398
622 399
623 400
624 400
625 400
626 400
627 400
628 400
629 400
630 400
631 401
632 402
633 403
634 404
635 405
636 406
635 404
636 403
637 402
638 401
639 400
640 399
641 398
642 397
643 396
632 403
631 404
630 405
629 406
628 407
627 408
626 409
625 410
624 411
623 412
622 413
621 414
588 384
587 385
586 386
585 387
584 388
583 389
582 390
581 391
580 392
579 393
578 394
578 395
578 396
578 397
578 398
578 399
578 400
578 401
578 402
578 403
578 404
578 405
578 406
579 407
580 408
581 409
581 410
581 411
581 412
581 413
581 414
581 415
581 416
581 417
581 418
581 419
581 420
581 421
581 422
581 423
580 424
579 424
578 424
577 424
576 424
575 424
574 424
573 424
572 424
571 424
570 425
569 426
568 427
567 428
566 429
565 430
564 430
563 430
562 430
561 430
560 430
559 430
558 430
557 430
556 430
555 430
554 430
553 430
552 430
551 430
550 430
549 430
548 430
547 430
546 430
545 430
544 430
543 429
542 428
541 427
540 426
539 425
538 424
537 423
536 422
535 421
537 422
538 421
539 420
540 419
541 418
542 417
543 416
544 415
541 429
540 430
539 431
538 432
537 433
536 434
535 435
534 436
533 435
532 434
531 433
530 432
529 431
528 430
527 429
526 428
525 427
524 426
523 425
522 424
521 423
520 422
519 421
525 429
524 430
523 431
522 432
521 433
520 434
519 435
518 436
517 435
516 434
515 433
514 432
513 431
512 430
511 429
510 428
509 427
508 426
507 425
506 424
505 423
504 422
503 421
503 420
503 419
503 418
503 417
503 416
503 415
503 414
503 413
503 412
503 411
503 410
503 409
503 408
502 407
501 406
500 405
499 404
498 404
497 404
496 404
495 404
494 404
493 404
492 404
491 404
490 404
489 404
488 404
487 403
486 402
485 401
484 400
483 400
482 400
481 400
480 400
479 400
478 400
477 400
476 400
475 400
474 400
473 400
472 400
471 400
470 400
469 399
502 405
503 404
504 403
505 402
506 401
507 400
507 399
507 398
507 397
507 396
507 395
508 394
509 393
510 392
511 391
512 390
513 389
514 388
508 400
509 400
510 400
511 400
512 400
513 401
514 402
515 403
516 404
517 404
518 404
519 404
520 404
521 404
522 404
523 403
509 429
508 430
507 431
506 432
505 433
504 434
503 435
502 436
501 435
500 434
499 433
498 432
497 431
496 430
495 429
494 428
493 427
492 426
491 425
490 424
489 423
488 422
487 421
493 429
492 430
491 431
490 432
489 433
488 434
487 435
486 436
485 435
484 434
483 433
482 432
481 431
480 430
479 429
478 428
477 427
476 426
475 425
474 424
473 423
472 422
471 421
477 429
476 430
475 431
474 432
473 433
472 434
471 435
470 436
469 435
468 434
467 433
466 432
465 431
464 430
463 429
462 428
461 427
460 426
459 425
458 424
457 423
456 422
455 421
461 429
460 430
459 431
458 432
457 433
456 434
455 435
454 436
453 435
452 434
451 433
450 432
449 431
448 430
447 429
446 428
445 427
444 426
443 425
442 424
441 423
440 422
439 421
445 429
444 430
443 431
442 432
441 433
440 434
439 435
438 436
437 436
436 435
435 434
434 433
433 432
432 431
431 430
430 429
429 428
428 427
427 426
426 425
425 424
424 423
423 422
429 430
428 431
427 432
426 433
425 434
424 435
423 436
422 437
421 436
420 435
419 434
418 433
417 432
416 431
415 430
414 429
413 428
412 427
411 426
410 425
409 424
408 423
407 422
407 421
407 420
407 419
407 418
407 417
407 416
407 415
407 414
407 413
407 412
407 411
407 410
407 409
407 408
406 407
405 406
404 405
413 430
412 431
411 432
410 433
409 434
408 435
407 436
406 437
405 436
404 435
403 434
402 433
401 432
400 431
399 430
398 429
397 428
396 427
395 426
394 425
393 424
392 423
391 422
390 422
389 422
388 422
387 422
386 422
385 422
384 422
383 422
382 422
381 422
380 422
379 422
378 422
377 421
376 420
375 420
374 420
373 420
372 420
371 420
370 420
369 420
368 420
367 420
366 420
365 420
364 420
363 420
362 420
361 419
360 419
359 419
358 419
357 419
356 419
355 419
354 419
353 419
352 419
351 419
350 419
349 419
348 419
347 419
346 418
345 418
344 418
343 418
342 418
341 418
340 418
339 418
338 418
337 418
336 418
335 418
334 418
333 418
332 418
331 418
330 418
329 418
328 418
327 418
326 418
325 418
324 418
323 418
322 418
321 418
320 418
319 418
318 418
317 419
316 420
315 420
314 420
313 420
312 420
311 420
310 420
309 420
308 420
307 420
306 420
305 420
304 420
303 420
302 420
301 420
316 421
316 422
315 423
314 424
313 425
312 426
311 427
310 428
309 429
308 430
307 431
306 432
305 433
304 434
303 435
316 423
317 424
318 425
319 426
320 427
321 428
322 429
318 417
318 416
318 415
317 414
316 413
315 412
314 411
313 410
312 409
311 408
310 407
309 406
308 405
307 404
306 403
305 402
304 401
303 400
302 399
301 398
300 397
346 420
345 421
344 422
343 423
342 424
341 425
340 426
339 427
338 428
337 429
361 418
361 417
361 416
361 415
361 414
361 413
361 412
361 411
362 410
363 409
364 408
365 407
366 406
367 405
368 404
369 403
370 402
371 401
372 401
373 400
374 399
375 398
376 397
377 396
378 395
360 410
359 409
358 408
357 407
356 406
355 405
354 404
353 403
362 421
362 422
362 423
362 424
361 425
360 426
359 427
358 428
357 429
356 430
355 431
354 432
353 433
352 434
362 426
363 427
364 428
365 429
366 430
367 431
398 430
397 431
396 432
395 433
394 434
393 435
392 436
391 437
406 438
406 439
406 440
406 441
405 442
404 443
403 444
402 445
401 446
400 447
399 448
398 449
397 450
396 451
395 452
395 453
395 454
395 455
395 456
395 457
395 458
395 459
395 460
395 461
395 462
395 463
395 464
395 465
395 466
395 467
395 468
395 469
395 470
395 471
395 472
395 473
395 474
395 475
395 476
395 477
395 478
395 479
395 480
395 481
395 482
395 483
395 484
395 485
396 486
397 487
398 488
399 489
400 490
401 491
402 492
403 492
404 492
405 492
406 492
407 492
408 492
409 492
410 493
399 487
400 486
401 485
402 484
403 483
404 482
405 481
406 480
407 479
408 478
409 477
394 476
393 476
392 476
391 476
390 476
389 476
388 476
387 476
386 476
385 476
384 476
383 476
382 476
381 476
380 476
379 476
378 476
377 476
376 476
375 476
374 477
373 478
372 479
371 480
370 481
369 482
369 483
369 484
369 485
369 486
369 487
369 488
369 489
369 490
369 491
369 492
369 493
368 494
367 495
366 496
365 497
365 498
366 499
367 500
368 501
369 502
370 503
371 504
372 477
371 476
370 475
369 474
368 473
367 472
366 471
365 470
364 469
363 468
362 467
362 466
362 465
362 464
362 463
361 462
360 461
359 460
358 459
357 458
356 457
355 456
354 455
353 454
352 453
351 452
364 471
363 472
362 473
361 474
360 475
359 476
358 477
357 478
356 479
355 480
354 481
353 482
356 477
355 476
354 475
353 474
352 473
351 472
350 471
349 470
348 469
347 468
346 467
348 471
347 472
346 473
345 474
344 475
343 476
342 477
341 478
340 479
339 480
338 481
337 482
337 483
337 484
337 485
337 486
337 487
337 488
337 489
337 490
337 491
337 492
337 493
337 494
337 495
336 496
335 497
334 497
333 497
332 497
331 497
330 497
329 497
328 497
327 497
326 496
325 495
324 494
323 493
322 492
321 491
320 490
319 489
318 488
317 487
316 486
315 485
314 484
313 483
312 482
311 481
310 480
309 479
308 478
307 477
306 476
306 475
306 474
306 473
306 472
306 471
306 470
306 469
306 468
306 467
306 466
306 465
306 464
306 463
306 462
306 461
306 460
306 459
306 458
306 457
306 456
306 455
306 454
306 453
306 452
306 451
306 450
306 449
311 483
310 484
309 485
308 486
307 487
306 488
305 489
304 490
303 491
304 489
303 488
302 487
301 486
300 485
299 484
298 483
297 482
296 481
295 480
294 479
293 478
292 477
291 476
296 483
295 484
294 485
293 486
292 487
291 488
290 489
289 490
288 491
318 486
319 485
320 484
321 483
322 482
336 498
337 499
338 500
339 501
340 502
341 503
342 504
343 505
344 506
345 507
346 508
347 509
348 510
349 511
350 512
338 502
337 503
336 504
335 505
338 495
339 495
340 495
341 495
342 495
343 495
344 495
345 495
346 495
347 495
348 495
349 496
350 497
341 477
340 476
339 475
338 474
337 473
336 472
335 471
334 470
333 469
332 468
331 467
367 470
368 469
369 468
370 467
375 477
376 478
377 479
378 480
379 481
380 482
396 452
397 453
398 454
399 455
400 456
401 457
402 458
403 459
403 457
404 456
405 455
406 454
407 453
408 452
565 431
565 432
565 433
566 434
567 435
568 436
569 437
570 438
582 423
583 423
584 423
585 423
586 423
587 423
588 423
589 423
590 424
591 425
592 426
593 427
594 428
595 429
595 430
595 431
595 432
595 433
595 434
594 435
593 436
592 437
591 438
590 439
589 440
588 441
587 442
586 443
585 444
596 435
597 436
598 437
599 438
600 439
582 409
583 409
584 409
585 408
586 407
587 406
588 405
589 404
590 403
591 402
588 407
589 408
590 409
591 410
592 411
593 412
594 413
595 414
586 379
587 378
588 377
589 376
590 375
591 374
592 373
593 372
579 360
580 359
581 358
582 357
583 356
584 355
585 354
586 353
587 352
588 351
589 350
590 349
591 349
592 349
593 349
594 349
595 349
596 349
597 349
598 348
599 347
600 346
601 345
602 344
603 343
604 342
605 341
606 341
607 341
608 341
609 341
610 341
611 341
612 341
613 341
614 341
615 341
616 341
617 341
618 342
619 343
620 344
620 345
620 346
620 347
620 348
620 349
620 350
620 351
621 352
622 353
623 354
624 355
618 340
619 339
620 338
621 337
622 336
623 335
590 351
591 352
592 353
593 354
594 355
595 356
596 357
574 334
573 335
572 336
571 337
570 338
569 339
568 340
567 341
566 342
565 343
564 344
563 345
562 346
561 347
560 348
576 320
577 321
578 322
579 323
580 324
581 325
582 326
583 327
584 328
585 329
586 330
587 331
588 332
589 333
590 334
576 305
577 306
578 307
579 308
580 309
581 310
582 311
583 312
584 313
585 314
586 315
587 316
588 317
589 318
590 319
591 319
592 319
593 319
594 319
595 319
596 319
597 319
598 319
599 319
600 319
601 319
602 320
576 290
577 291
578 292
579 293
580 294
581 295
582 296
583 297
584 298
585 299
586 300
587 301
588 302
589 303
590 304
591 304
592 304
593 304
594 304
595 304
596 304
597 304
598 304
599 304
600 304
601 304
602 304
603 304
604 305
605 306
606 306
607 306
608 306
609 306
610 306
611 306
612 306
613 306
614 306
615 306
616 306
617 306
618 306
619 306
620 307
620 308
620 309
620 310
620 311
620 312
620 313
620 314
620 315
620 316
620 317
620 318
620 319
621 320
619 305
619 304
619 303
619 302
619 301
619 300
619 299
619 298
619 297
619 296
619 295
619 294
620 293
621 292
577 288
578 288
579 288
580 288
581 288
582 288
583 288
584 288
585 288
586 288
587 288
588 288
589 288
590 289
589 287
589 286
589 285
589 284
589 283
589 282
589 281
589 280
589 279
589 278
589 277
589 276
590 275
591 274
592 274
593 274
594 274
595 274
596 274
597 274
598 274
599 274
600 274
601 273
602 272
603 271
604 270
605 269
606 268
607 268
608 268
609 268
610 268
611 269
612 270
613 271
614 272
615 273
616 274
617 275
618 276
619 277
620 277
621 277
622 277
623 277
624 277
625 276
626 275
613 270
614 269
615 268
616 267
617 266
618 265
619 264
620 263
621 262
600 275
600 276
600 277
600 278
600 279
600 280
600 281
601 282
602 283
577 245
578 246
579 247
580 248
581 249
582 250
583 251
584 252
585 253
586 254
587 255
588 256
589 257
590 258
591 259
577 230
578 231
579 232
580 233
581 234
582 235
583 236
584 237
585 238
586 239
587 240
588 241
589 242
590 243
591 244
592 244
593 244
594 244
595 245
596 246
597 247
598 248
599 249
577 215
578 216
579 217
580 218
581 219
582 220
583 221
584 222
585 223
586 224
587 225
588 226
589 227
590 228
591 229
592 229
593 229
594 229
595 229
596 229
597 229
598 229
599 229
600 229
601 229
602 230
603 231
604 232
605 233
606 234
607 234
608 234
609 234
610 234
611 234
612 234
613 234
614 234
615 234
616 234
617 234
618 234
619 234
620 234
621 234
620 235
620 236
620 237
620 238
620 239
620 240
620 241
620 242
620 243
620 244
620 245
621 246
622 234
623 234
624 234
625 234
626 234
627 234
628 234
629 234
630 234
631 234
632 234
633 234
577 200
578 201
579 202
580 203
581 204
582 205
583 206
584 207
585 208
586 209
587 210
588 211
589 212
590 213
591 214
592 214
593 214
594 214
595 214
596 215
597 216
598 217
599 218
582 194
583 194
584 194
585 194
586 194
587 195
588 196
589 197
590 198
591 199
592 199
593 199
594 199
595 199
596 199
597 199
598 199
599 199
600 199
601 199
602 199
603 200
604 201
605 202
606 203
607 203
608 203
609 203
610 203
611 203
612 203
613 203
614 203
615 203
616 203
617 203
618 203
619 203
620 203
621 202
621 201
621 200
621 199
621 198
621 197
621 196
621 195
621 194
621 193
621 192
621 191
621 190
621 189
621 188
622 187
622 202
623 202
624 202
625 201
626 200
627 199
628 198
629 197
620 204
620 205
620 206
620 207
620 208
620 209
620 210
620 211
620 212
620 213
620 214
620 215
620 216
621 217
588 194
589 193
590 192
591 191
592 190
593 189
594 188
595 187
596 186
587 165
588 166
589 167
590 168
591 169
592 170
593 171
594 154
595 154
596 154
597 154
598 154
599 154
600 154
601 154
602 154
603 154
604 154
605 154
606 154
607 154
608 154
608 153
609 152
610 151
611 150
612 149
613 148
614 147
615 146
616 145
617 144
618 143
619 142
620 141
621 140
622 139
623 139
624 139
625 139
626 139
627 139
628 139
629 139
630 139
631 139
632 138
633 137
634 138
635 139
636 140
637 141
638 142
639 143
640 144
616 147
617 148
618 149
619 150
620 151
621 152
622 153
623 154
624 154
625 154
626 154
627 154
628 154
629 154
630 154
631 154
632 154
633 155
634 156
635 157
636 158
637 159
634 157
633 158
632 159
631 160
630 161
629 162
628 163
627 164
626 165
625 166
624 167
623 168
622 169
582 137
583 137
584 137
585 137
586 137
587 137
588 137
589 138
590 139
591 139
592 139
593 139
594 139
595 139
596 138
597 137
577 117
578 116
579 115
580 114
581 113
582 112
583 111
584 110
585 109
586 108
587 107
588 107
589 107
590 107
591 107
592 107
593 107
594 107
595 107
584 111
585 112
586 113
587 114
588 115
589 116
590 117
591 118
592 119
593 120
594 121
595 122
540 110
541 111
542 112
543 113
544 114
545 115
546 116
547 117
548 118
549 119
550 120
551 121
552 122
415 115
415 116
415 117
415 118
415 119
416 120
417 121
401 106
402 105
403 104
404 103
405 102
406 101
407 100
391 115
391 116
391 117
391 118
391 119
391 120
391 121
391 122
391 123
391 124
392 125
377 115
377 116
377 117
377 118
377 119
377 120
377 121
377 122
377 123
377 124
377 125
362 114
362 115
362 116
362 117
362 118
362 119
362 120
362 121
362 122
362 123
362 124
362 125
347 111
347 110
347 109
347 108
347 107
347 106
347 105
347 104
347 103
347 102
347 101
347 100
347 99
347 98
347 97
347 96
347 95
347 94
347 93
347 92
347 91
348 90
349 89
350 88
351 87
352 86
353 85
354 85
355 85
356 85
357 85
358 85
359 85
360 85
361 85
362 85
363 84
351 85
350 84
349 83
348 82
347 81
346 80
345 79
344 78
343 77
342 76
341 75
340 74
339 73
338 72
345 77
346 76
347 75
348 74
349 73
350 72
351 71
352 70
353 69
353 68
354 67
355 66
356 65
357 64
358 63
359 62
360 61
361 60
362 59
363 58
364 57
365 56
366 55
367 54
361 62
362 63
363 64
364 65
365 66
366 67
367 68
368 69
350 70
349 69
348 68
347 67
346 66
345 65
344 64
343 63
342 62
341 61
340 60
339 59
338 58
337 57
344 62
345 61
346 60
347 59
348 58
349 57
350 56
351 55
352 54
352 53
353 52
354 51
355 50
356 49
357 48
358 47
359 46
360 45
361 44
362 43
363 42
364 41
365 40
366 39
349 55
348 54
347 53
346 52
345 51
344 50
343 49
342 48
341 47
340 46
339 45
338 44
337 43
336 42
335 43
334 44
333 45
332 46
331 47
330 48
329 49
328 50
327 51
326 52
325 53
324 54
323 55
322 56
321 57
320 58
343 47
344 46
345 45
346 44
347 43
348 42
349 41
350 40
351 39
351 38
351 37
351 36
351 35
351 34
351 33
351 32
351 31
351 30
351 29
351 28
351 27
351 26
350 25
349 24
344 80
343 81
342 82
341 83
340 84
339 85
338 86
337 87
348 94
349 95
350 96
351 97
352 98
341 119
342 120
343 121
344 122
345 123
346 124
347 125
338 119
337 118
336 117
335 116
334 115
333 114
332 113
331 112
327 128
326 127
325 126
324 125
323 124
322 123
321 122
320 121
319 120
318 119
317 118
316 117
315 117
314 117
313 117
312 117
311 117
310 117
309 117
308 117
307 117
306 117
305 116
304 115
303 114
302 113
301 112
301 111
301 110
301 109
301 108
301 107
301 106
301 105
301 104
301 103
301 102
301 101
301 100
301 99
301 98
301 97
301 96
301 95
301 94
301 93
301 92
301 91
301 90
301 89
301 88
301 87
301 86
301 85
300 84
299 83
298 82
297 81
296 80
295 79
294 78
293 77
293 76
293 75
293 74
293 73
293 72
293 71
293 70
293 69
292 68
291 67
290 66
289 65
288 64
287 63
286 62
294 68
295 67
296 66
297 65
298 64
299 63
300 62
301 61
301 60
301 59
301 58
301 57
301 56
301 55
300 54
299 53
298 52
297 51
296 50
295 49
294 48
293 47
292 46
301 53
302 52
303 51
304 50
305 49
299 82
300 81
301 80
302 79
303 78
304 77
305 76
306 76
307 76
308 76
309 76
310 75
311 74
312 73
302 93
303 93
304 93
305 93
306 93
307 93
308 92
309 91
306 118
306 119
305 120
304 121
303 122
302 123
301 124
300 125
299 126
298 127
320 144
320 145
319 146
318 147
317 148
316 149
315 150
314 151
313 152
312 153
311 154
310 155
309 156
308 157
307 158
306 159
305 160
304 161
303 162
302 163
301 164
300 165
300 166
300 167
300 168
300 169
300 170
300 171
300 172
300 173
300 174
300 175
300 176
300 177
299 178
298 179
297 180
297 181
297 182
297 183
297 184
297 185
297 186
297 187
297 188
298 189
299 190
300 191
301 162
300 161
299 160
298 159
297 158
296 157
295 156
294 155
293 154
292 153
291 152
290 151
289 150
297 156
298 155
299 154
300 153
350 148
351 147
352 146
353 145
354 144
355 143
365 176
364 177
363 178
362 179
361 180
360 181
359 182
358 183
357 182
356 181
355 180
354 179
353 178
352 177
351 176
350 175
349 174
348 173
347 172
346 171
345 170
344 169
343 168
349 176
348 177
347 178
346 179
345 180
344 181
343 182
342 183
341 182
340 181
339 180
338 179
337 178
336 177
335 176
334 175
333 174
332 173
331 172
330 171
329 170
328 169
327 168
333 176
332 177
331 178
330 179
329 180
328 181
327 182
326 183
377 177
378 176
379 175
380 174
381 173
382 172
381 183
380 184
379 185
378 186
377 187
376 188
375 189
374 190
393 187
394 186
395 185
396 184
397 183
398 182
399 181
400 180
400 179
401 178
402 177
403 176
404 175
405 174
406 173
407 172
393 191
392 192
391 193
390 194
389 195
412 206
413 205
414 204
415 203
416 202
417 201
418 200
419 199
419 198
420 197
421 196
422 195
423 194
424 193
425 192
426 191
427 190
428 189
429 188
430 187
431 186
432 185
433 184
433 183
433 182
433 181
433 180
433 179
433 178
433 177
433 176
433 175
433 174
433 173
433 172
433 171
433 170
433 169
433 168
433 167
433 166
433 165
433 164
433 163
433 162
433 161
433 160
433 159
433 158
433 157
433 156
433 155
432 154
432 153
432 152
432 151
432 150
432 149
432 148
432 147
432 146
432 145
433 144
434 143
435 142
434 155
435 155
436 155
437 155
438 155
439 155
440 156
441 157
434 170
435 170
436 170
437 170
438 170
439 170
440 171
441 172
427 192
428 193
429 194
430 195
431 196
432 197
433 198
434 199
435 199
436 199
437 199
438 199
439 199
440 199
441 199
442 199
443 199
444 198
445 197
446 196
447 195
448 194
449 193
450 193
451 193
452 193
453 193
454 193
455 193
456 193
457 193
458 193
459 193
460 193
461 193
462 193
463 193
464 192
464 191
464 190
464 189
464 188
464 187
464 186
464 185
464 184
464 183
464 182
465 181
466 180
467 179
468 178
469 177
467 180
468 181
469 182
470 183
471 184
472 185
473 186
474 187
475 188
476 189
477 190
478 191
479 192
479 193
479 194
479 195
479 196
479 197
479 198
479 199
479 200
479 201
479 202
479 203
479 204
479 205
475 186
476 185
477 184
478 183
479 182
480 181
481 180
482 179
483 178
484 177
482 180
483 181
484 182
485 183
486 184
487 185
488 186
489 187
490 188
491 189
492 190
493 191
494 192
494 193
494 194
494 195
494 196
494 197
494 198
494 199
494 200
494 201
494 202
494 203
494 204
494 205
490 186
491 185
492 184
493 183
494 182
495 181
496 180
497 179
498 178
499 177
497 181
498 182
499 183
500 184
501 185
502 186
503 187
504 188
505 189
506 190
507 191
508 192
509 193
510 193
511 193
512 193
513 193
514 193
515 193
516 193
517 193
518 193
519 193
520 193
521 193
522 193
523 193
524 194
525 194
526 194
527 194
528 194
529 194
530 194
531 194
532 194
533 194
534 194
535 194
536 194
537 194
538 194
539 194
540 194
541 194
542 194
543 194
544 194
545 194
546 194
547 194
548 194
549 194
550 194
551 194
552 195
553 196
554 197
525 195
526 196
527 197
528 198
529 199
530 200
531 201
532 202
533 203
534 204
535 205
536 206
537 207
538 208
539 209
539 210
539 211
539 212
539 213
539 214
539 215
539 216
539 217
539 218
539 219
539 220
539 221
539 222
539 223
539 224
540 209
541 209
542 209
543 209
544 209
545 210
546 211
547 212
529 201
528 202
527 203
526 204
525 205
524 206
523 192
523 191
523 190
523 189
523 188
523 187
523 186
523 185
523 184
523 183
523 182
523 181
523 180
524 179
525 178
526 177
527 176
528 175
529 174
530 173
531 172
532 171
533 170
534 169
535 168
536 167
537 166
538 165
539 164
540 163
541 162
542 161
543 160
544 160
545 159
546 158
547 157
548 156
535 166
534 165
533 164
532 163
531 162
530 161
529 160
528 159
536 169
537 170
538 171
539 172
540 173
541 174
542 175
509 194
509 195
509 196
509 197
509 198
509 199
509 200
509 201
509 202
509 203
509 204
509 205
504 187
505 186
506 185
507 184
508 183
509 182
510 181
511 180
512 179
513 178
463 194
463 195
463 196
463 197
463 198
463 199
463 200
463 201
463 202
463 203
463 204
464 205
443 200
443 201
443 202
444 203
445 204
446 205
447 206
448 207
449 208
425 221
426 220
427 219
428 218
429 217
430 216
431 215
432 214
430 234
431 233
432 232
433 231
434 230
435 229
436 229
437 228
438 227
439 226
440 225
441 224
442 223
438 258
439 259
440 260
441 261
442 262
443 263
444 264
445 265
446 266
447 267
448 268
449 268
450 268
451 268
452 268
453 268
454 268
455 268
456 268
457 268
458 267
459 266
460 265
461 264
462 263
463 262
464 262
465 262
466 262
467 262
468 262
469 262
470 262
471 262
472 262
473 263
474 264
475 265
476 266
477 267
478 268
479 268
480 268
481 268
482 268
483 268
484 268
485 268
486 268
487 268
488 268
489 268
490 268
491 268
492 268
493 267
493 268
494 269
495 270
496 271
497 272
498 273
499 274
500 275
501 276
502 277
503 278
504 279
505 280
506 281
507 282
508 282
509 282
510 282
511 282
512 282
513 282
514 282
515 282
516 282
517 282
518 282
519 282
501 274
502 273
503 272
504 271
505 270
506 269
507 268
508 267
509 267
510 267
511 267
512 267
513 267
514 267
515 267
516 267
517 267
518 267
519 267
520 267
521 268
522 269
523 270
524 270
525 270
526 270
527 270
528 270
529 270
530 270
531 270
532 270
533 270
534 270
535 270
536 270
537 270
538 270
539 270
540 270
541 270
542 270
543 270
544 270
545 270
546 270
547 270
548 270
549 270
550 270
551 270
552 270
553 270
508 266
508 265
508 264
508 263
508 262
508 261
508 260
508 259
509 258
510 257
511 256
512 255
498 275
497 276
496 277
495 278
494 279
493 280
492 281
457 269
457 270
457 271
458 272
459 273
460 274
461 275
462 276
463 277
464 277
465 277
466 277
467 277
468 277
469 278
470 279
471 280
472 281
433 290
434 290
435 290
436 290
437 290
438 290
439 290
440 290
441 290
442 291
443 292
444 293
445 294
446 295
447 296
447 297
447 298
448 299
449 300
450 301
451 302
452 303
453 304
454 305
455 306
456 307
457 308
458 309
459 310
460 311
460 312
460 313
460 314
460 315
460 316
460 317
460 318
460 319
460 320
460 321
454 304
455 303
456 302
457 301
458 300
459 299
460 298
461 297
462 296
462 298
463 299
464 300
465 301
466 302
467 303
468 304
469 305
470 306
471 307
472 308
473 309
474 310
475 311
476 311
477 311
478 311
479 311
480 311
481 310
482 309
483 308
484 307
485 306
486 305
487 304
488 303
489 302
490 301
491 301
492 301
493 301
494 301
495 301
496 301
497 301
498 301
499 301
500 301
501 301
502 301
503 301
504 301
505 301
506 301
507 301
508 301
509 301
510 301
511 301
512 301
513 301
514 301
515 301
516 301
517 300
518 299
519 298
520 297
521 297
522 297
523 297
524 297
525 297
526 297
527 297
528 297
529 297
530 297
531 297
532 297
533 297
534 297
535 296
535 295
536 294
537 293
538 292
539 291
540 290
541 289
542 288
543 287
544 286
545 285
539 292
540 293
541 294
542 295
543 296
544 297
545 298
546 299
547 300
534 298
534 299
534 300
534 301
534 302
534 303
534 304
534 305
534 306
535 307
536 308
537 309
538 310
539 311
516 302
516 303
516 304
516 305
516 306
516 307
517 308
518 309
519 310
491 302
492 303
493 304
494 305
495 306
496 307
497 308
498 309
499 310
500 311
501 312
502 313
503 314
504 315
505 316
506 316
507 316
508 316
509 317
510 318
511 319
512 320
513 321
483 309
484 310
485 311
486 312
487 313
488 314
489 315
490 316
475 312
475 313
475 314
475 315
475 316
475 317
475 318
475 319
475 320
475 321
468 303
469 302
470 301
471 300
472 299
473 298
474 297
475 296
441 289
441 288
441 287
441 286
441 285
441 284
441 283
442 282
443 281
425 320
426 320
427 320
428 320
429 320
430 320
431 320
432 320
433 320
434 320
433 319
434 318
435 317
436 316
437 315
438 314
439 313
440 312
441 311
420 325
421 326
422 327
423 328
424 329
425 330
426 331
427 332
428 333
429 334
430 335
416 336
417 337
418 338
419 339
420 340
421 341
422 342
423 343
424 344
425 345
426 346
427 347
428 348
429 349
430 350
430 351
430 352
430 353
430 354
430 355
430 356
430 357
430 358
430 359
430 360
430 361
430 362
431 363
432 364
433 365
433 366
433 367
433 368
433 369
433 370
433 371
433 372
433 373
433 374
433 375
433 376
433 377
433 378
433 379
432 380
432 381
432 382
432 383
432 384
432 385
432 386
432 387
432 388
432 389
432 390
432 391
432 392
432 393
431 394
430 395
430 396
430 397
431 398
432 399
433 400
434 401
435 402
436 403
435 400
436 399
437 398
438 397
439 396
440 395
441 394
442 393
443 392
444 391
445 390
446 389
447 388
448 388
449 388
450 388
451 388
452 388
453 388
454 388
455 388
456 387
457 386
458 385
459 384
460 384
461 384
462 384
463 384
464 384
465 384
445 392
446 393
447 394
448 395
449 396
450 397
451 398
452 399
434 366
435 367
436 368
437 369
438 370
439 371
440 372
441 373
432 362
433 361
434 360
435 359
436 358
437 357
438 356
439 355
440 354
441 353
442 352
443 351
444 350
445 349
446 349
447 349
448 349
449 349
450 349
451 348
452 347
453 346
454 345
455 344
456 343
457 342
458 341
459 340
460 339
458 342
459 343
460 344
461 345
462 346
463 347
464 348
465 349
466 350
467 351
468 352
469 353
470 354
470 355
470 356
470 357
471 358
472 359
473 360
474 361
475 362
476 363
477 364
478 365
479 366
480 367
481 368
482 369
482 370
482 371
482 372
482 373
482 374
482 375
482 376
482 377
482 378
482 379
482 380
482 381
482 382
482 383
482 384
483 383
484 383
485 383
486 383
487 383
488 383
489 383
490 383
491 383
492 383
493 384
494 384
495 384
496 384
497 384
498 384
499 384
483 369
484 369
485 369
486 369
487 369
488 369
489 369
473 362
472 363
471 364
470 365
469 366
468 367
467 368
466 369
466 348
467 347
468 346
469 345
470 344
471 343
472 342
473 341
474 340
475 339
473 342
474 343
475 344
476 345
477 346
478 347
479 348
480 349
481 350
482 351
483 352
484 353
485 354
481 348
482 347
483 346
484 345
485 344
486 343
487 342
488 341
489 340
490 339
488 342
489 343
490 344
491 345
492 346
493 347
494 348
495 349
496 350
497 351
498 352
499 353
500 354
500 355
500 356
500 357
500 358
500 359
500 360
500 361
500 362
500 363
501 364
502 365
503 366
504 367
505 368
506 369
507 369
508 369
509 369
510 369
511 370
512 371
513 372
514 373
496 348
497 347
498 346
499 345
500 344
501 343
502 342
503 341
504 340
505 339
506 339
507 339
508 339
509 339
510 339
511 339
512 339
513 339
514 339
515 339
516 339
517 339
518 339
519 339
520 339
521 339
522 339
523 339
524 339
525 339
526 339
527 339
528 339
529 339
530 339
531 339
532 339
533 339
534 339
535 339
534 340
534 341
534 342
534 343
534 344
534 345
534 346
534 347
535 348
536 349
537 350
538 351
539 352
540 353
541 354
541 355
541 356
541 357
541 358
541 359
541 360
541 361
541 362
541 363
541 364
541 365
541 366
541 367
541 368
541 369
541 370
541 371
541 372
541 373
541 374
541 375
541 376
541 377
541 378
541 379
541 380
541 381
541 382
541 383
541 384
542 385
543 386
544 386
545 386
546 387
547 388
548 389
540 384
539 384
538 384
537 384
536 384
535 384
534 384
533 384
532 384
531 385
530 386
529 387
528 388
542 371
542 354
543 354
544 355
545 356
534 338
534 337
535 336
536 335
537 334
538 333
539 332
540 331
541 330
542 329
543 328
544 327
545 326
545 325
545 324
545 323
545 322
546 321
547 320
548 319
549 318
550 317
551 316
552 315
538 334
539 335
540 336
541 337
542 338
543 339
544 340
545 341
503 342
504 343
505 344
506 345
507 346
508 347
509 348
510 349
511 350
512 351
513 352
514 353
515 354
516 354
517 354
518 354
519 354
520 354
521 354
522 354
523 353
454 344
453 343
452 342
451 341
450 340
449 339
448 338
447 337
446 336
445 335
452 349
453 350
454 351
455 352
408 343
409 344
410 345
411 346
412 347
413 348
414 349
415 350
395 346
394 347
393 348
392 349
391 350
390 351
389 352
388 353
387 354
386 355
385 356
384 357
383 357
382 357
381 357
380 357
379 357
378 357
377 357
376 357
375 357
374 357
373 357
372 358
371 359
370 360
369 361
368 361
367 361
366 361
365 361
364 361
363 361
362 361
361 361
360 361
359 361
358 361
357 361
356 361
355 361
354 361
353 361
352 361
351 361
350 361
349 361
348 361
347 361
346 361
345 361
344 361
343 361
342 361
341 361
340 361
339 362
339 363
340 364
341 365
342 366
343 367
344 368
345 369
346 370
347 371
348 372
349 373
350 374
351 375
352 376
353 377
344 370
343 371
342 372
341 373
340 374
339 375
338 376
338 377
338 378
338 379
338 380
338 381
338 382
338 383
338 384
338 385
337 386
336 387
335 388
334 389
333 390
332 391
331 392
330 393
329 394
328 395
330 394
331 395
332 396
333 397
334 398
335 399
339 385
340 386
341 387
342 388
343 389
344 390
345 391
346 392
337 376
336 376
335 376
334 376
333 376
332 376
331 376
330 375
329 374
328 373
327 372
326 371
325 370
324 369
323 368
322 368
321 368
320 368
319 368
318 368
317 368
316 368
315 368
314 368
313 368
312 368
311 368
310 368
309 368
308 368
307 368
306 368
305 368
304 368
303 369
303 370
303 371
303 372
303 373
303 374
303 375
303 376
303 377
303 378
303 379
302 380
301 381
300 382
369 362
369 363
369 364
369 365
369 366
369 367
369 368
369 369
369 370
369 371
369 372
369 373
369 374
369 375
368 376
388 355
389 356
390 357
391 358
392 359
393 360
394 361
395 362
396 363
397 364
398 365
399 366
400 367
401 368
402 369
403 370
404 371
405 372
406 373
393 362
392 363
391 364
390 365
389 366
388 367
387 368
386 369
385 370
384 371
383 372
384 332
385 331
386 330
387 329
388 328
389 327
358 291
359 290
360 289
361 288
362 287
363 286
364 285
365 284
366 283
366 282
366 281
366 280
366 279
366 278
366 277
366 276
366 275
366 285
367 286
368 287
369 288
370 289
371 290
372 291
373 292
374 293
375 294
376 295
377 296
378 297
379 298
379 299
379 300
379 301
379 302
379 303
379 304
379 305
379 306
379 307
379 308
379 309
379 310
379 311
379 312
380 313
373 290
374 289
375 288
376 287
377 286
378 285
379 284
380 283
381 282
381 281
381 280
381 279
381 278
381 277
381 276
381 275
381 274
381 284
382 285
383 286
384 287
385 288
386 289
387 290
388 291
389 292
390 293
391 294
392 295
393 296
394 297
394 298
394 299
394 300
394 301
394 302
394 303
394 304
394 305
394 306
394 307
394 308
394 309
394 310
394 311
395 312
396 312
397 312
398 312
399 312
400 312
401 312
402 312
395 297
396 297
397 297
398 297
399 297
400 297
401 297
402 297
403 297
404 297
388 289
389 288
390 287
391 286
392 285
393 284
394 283
395 282
396 281
397 281
398 281
399 281
400 281
401 281
402 281
403 281
404 281
405 281
406 281
407 282
408 281
409 280
410 279
411 278
412 277
413 276
414 275
326 261
327 260
328 259
329 258
330 257
331 256
332 255
333 254
334 254
335 254
336 254
337 254
338 254
339 254
340 254
341 253
342 252
343 251
344 250
345 249
346 248
347 247
348 246
349 246
350 247
351 248
352 249
353 250
354 251
355 252
356 253
357 254
358 255
359 256
360 257
361 258
362 259
363 260
341 254
342 255
343 256
344 257
345 258
346 259
347 260
348 261
333 253
333 252
333 251
333 250
333 249
333 248
333 247
333 246
837
333 270
318 255
317 270
333 254
302 255
301 270
286 255
285 270
270 255
269 270
254 255
253 270
238 255
237 270
222 255
221 270
206 255
205 270
190 255
189 270
174 256
173 271
158 256
157 271
142 261
141 276
156 286
126 261
125 276
110 261
109 276
94 261
93 276
154 301
169 313
154 316
171 289
184 304
186 288
199 303
201 287
214 302
216 286
229 301
231 285
244 300
246 285
259 300
261 285
274 300
276 285
289 300
291 285
304 300
306 285
319 300
321 285
334 300
336 285
349 300
351 284
364 299
366 283
379 298
381 282
394 297
396 281
139 310
124 310
109 310
94 310
153 331
153 346
152 361
152 376
152 391
155 241
152 226
152 211
152 196
156 181
156 166
156 151
181 240
196 239
180 225
195 212
184 197
199 197
210 212
214 197
225 212
229 197
240 212
244 197
255 212
259 197
270 212
274 197
184 182
184 319
184 334
183 349
181 364
199 318
199 333
211 227
214 317
214 332
226 227
229 316
229 331
241 227
244 315
244 330
244 345
256 227
259 315
259 330
259 345
261 182
271 227
274 315
274 330
274 345
286 234
301 232
316 232
320 315
320 330
322 217
331 232
337 216
346 231
352 215
361 230
367 214
376 229
335 315
335 330
348 246
348 261
350 315
350 330
363 245
363 260
365 314
365 329
378 244
391 229
393 244
378 259
380 313
380 328
393 259
395 312
184 162
199 159
214 159
229 159
244 159
259 159
274 144
274 159
254 124
269 123
239 109
238 124
254 108
223 109
222 124
207 109
206 124
191 109
190 124
175 109
174 124
159 109
144 107
143 122
269 107
400 349
384 357
369 361
354 361
339 362
353 377
415 335
415 350
424 320
430 335
429 305
430 350
432 290
433 275
432 260
447 247
431 245
448 268
425 230
417 215
432 214
404 200
419 199
389 185
374 175
359 168
358 183
343 168
342 183
327 168
326 183
433 184
434 199
433 169
432 154
433 365
445 349
432 380
430 395
447 296
449 193
460 232
462 247
475 232
460 311
462 296
475 311
460 339
470 354
475 339
485 354
490 339
500 354
505 339
463 262
463 277
464 192
469 177
479 192
484 177
494 192
499 177
509 193
478 268
490 224
490 239
490 301
490 316
493 267
505 224
505 239
505 301
505 316
507 282
508 267
520 241
520 297
520 339
523 270
524 194
535 241
535 296
539 311
535 339
538 270
539 194
539 209
539 224
541 354
376 149
349 148
334 143
319 142
304 142
391 143
332 125
316 117
301 112
347 112
362 113
377 114
392 114
396 99
407 114
396 84
396 69
402 54
411 69
422 107
432 122
437 107
447 122
452 107
462 122
467 107
477 122
482 107
492 122
497 107
507 122
512 107
522 122
527 107
537 122
542 107
557 107
572 107
580 122
587 107
581 137
578 152
593 154
581 169
581 184
576 199
591 199
576 214
576 229
576 244
576 259
576 274
575 289
590 289
591 274
575 304
575 319
575 334
575 349
581 364
590 349
578 379
593 387
578 394
581 409
580 424
595 429
565 430
550 430
535 421
534 436
519 421
518 436
503 421
502 436
487 421
486 436
471 421
470 436
455 421
454 436
439 421
438 436
423 422
422 437
407 422
406 437
391 422
376 420
361 419
346 418
331 418
316 420
395 452
590 304
590 319
590 334
591 214
591 229
591 244
591 259
605 306
605 341
606 203
606 234
606 268
608 154
608 387
622 139
623 154
623 385
623 400
638 385
499 404
484 400
301 92
293 77
286 62
301 61
472 142
487 142
502 142
120 106
119 121
114 144
106 159
121 159
106 183
121 183
127 221
112 220
97 221
127 342
108 361
93 361
77 358
62 358
395 477
402 492
369 482
362 467
353 482
346 467
337 482
335 497
350 497
79 183
64 183
353 85
338 72
353 69
337 57
352 54
336 42
351 39
367 54
157 420
158 435
173 421
188 421
203 421
218 421
233 422
248 422
263 422
270 400
270 385
306 476
303 491
306 458
543 386
543 160
23 182
322 202
49 183
277 434
129 291
546 255
585 444
159 124
365 497
620 344
91 291
368 69
398 365
406 150
240 383
47 358
620 307
229 346
545 326
637 159
48 391
107 342
366 39
621 202
23 359
619 277
176 142
409 477
112 235
371 401
406 266
515 354
621 234
255 383
382 214
100 202
183 381
636 406
137 202
506 369
545 285
101 325
300 315
482 369
554 197
123 359
173 435
188 435
203 435
218 435
337 202
338 376
297 206
595 122
368 376
391 437
466 369
198 382
292 46
107 424
322 482
320 344
475 247
291 476
301 420
415 54
475 296
210 347
136 184
553 270
300 165
320 58
513 178
116 325
622 169
305 76
129 146
112 291
104 109
297 180
469 399
328 395
60 285
211 240
331 112
271 240
464 205
226 240
233 435
241 240
248 435
256 240
335 343
479 205
494 205
552 122
352 434
560 348
400 180
91 234
213 383
49 147
87 159
351 452
298 127
323 368
546 239
593 372
591 402
350 343
435 142
86 377
350 512
132 391
165 230
633 137
528 388
128 376
234 360
56 307
56 255
56 235
347 125
621 414
352 202
407 282
449 208
512 255
122 203
492 281
404 251
305 49
195 224
528 159
362 125
509 205
435 229
513 321
383 58
563 157
593 171
563 387
288 491
434 320
99 144
97 390
295 330
15 209
507 400
127 167
383 372
296 345
278 422
436 403
165 362
590 139
126 233
180 212
128 325
404 297
81 143
403 459
408 84
524 206
514 225
274 360
404 405
15 333
547 300
363 84
377 125
392 125
602 283
621 262
545 341
161 142
445 335
123 413
160 399
621 370
193 348
596 186
34 158
85 325
239 398
346 392
455 352
595 107
374 190
164 345
600 439
595 414
300 217
410 493
300 191
365 341
596 357
460 321
475 321
389 327
602 320
547 212
337 429
174 396
407 100
282 207
64 137
45 207
531 255
367 431
303 435
277 108
570 438
277 124
622 187
544 415
162 199
514 373
86 401
331 467
303 369
253 398
160 377
200 143
447 388
237 182
277 182
459 157
65 200
65 341
49 330
33 382
133 428
137 359
624 355
91 184
353 403
322 429
189 365
401 236
169 183
300 397
553 227
472 281
621 320
130 251
367 205
349 24
470 157
459 384
225 144
493 157
505 157
380 482
278 383
306 449
34 183
27 324
262 435
443 281
71 328
309 91
106 168
91 252
60 399
60 156
301 240
317 247
351 276
366 275
381 274
460 224
475 224
117 130
101 373
552 315
519 282
516 144
31 325
64 152
64 395
242 181
264 360
257 143
278 398
285 315
452 399
599 218
599 249
237 143
289 150
189 397
482 384
493 384
406 373
454 142
548 156
221 383
514 388
621 246
519 310
27 215
419 69
441 373
542 371
72 214
542 175
643 396
281 367
640 144
441 311
109 250
197 180
370 467
240 367
71 343
138 428
205 143
510 159
160 214
333 246
407 172
629 197
91 342
621 217
621 292
548 389
162 330
31 215
391 150
523 353
371 504
441 157
378 395
542 137
116 439
300 153
412 143
71 198
135 342
183 147
203 181
243 142
465 384
476 157
499 384
522 144
164 157
79 310
300 382
203 362
134 225
78 268
352 98
134 161
626 275
355 143
222 366
516 404
55 384
28 340
417 121
382 172
335 505
335 399
489 369
97 291
45 159
281 345
286 240
375 143
127 122
65 252
402 312
72 245
523 403
221 182
441 172
302 354
250 360
72 229
623 335
121 400
442 223
279 222
337 87
414 275
633 234
389 195
597 137
408 452
545 356
40 376
312 73
490 246
