38
121 89
121 88
121 87
121 86
122 85
123 84
124 83
125 82
126 81
127 80
128 79
129 78
130 77
131 76
132 75
133 74
134 73
135 72
136 71
137 72
138 73
139 74
128 81
129 82
130 83
131 84
132 85
133 86
125 80
124 79
123 78
122 77
121 76
120 75
119 74
118 73
117 72
116 71
85
136 108
136 71
157 56
157 108
135 34
156 34
114 34
93 34
72 34
71 56
92 56
181 46
181 67
181 88
181 109
181 130
204 52
204 73
204 94
204 115
93 108
72 108
112 143
51 87
48 128
48 49
112 92
133 143
69 143
90 143
154 143
50 108
115 122
116 71
33 62
33 113
33 91
158 71
71 123
158 123
93 71
136 125
72 71
136 50
92 129
48 66
175 143
133 86
72 92
154 86
112 50
92 93
177 34
202 127
32 126
55 35
32 51
112 101
28 70
55 141
160 86
194 46
214 125
186 136
205 51
205 72
205 93
91 143
32 92
66 102
93 55
137 72
137 126
71 71
93 128
158 55
158 107
46 42
205 104
46 130
55 143
186 41
55 34
188 134
45 50
