2984
278 202
277 202
276 202
275 202
274 202
273 202
272 202
271 202
270 202
269 202
268 202
267 202
266 202
265 202
264 201
263 200
262 199
261 199
260 199
259 199
258 199
257 199
256 199
255 199
254 199
253 199
252 199
251 199
250 199
249 199
248 199
247 199
246 199
245 199
244 199
243 199
242 199
241 199
240 199
239 199
238 199
237 199
236 199
235 199
234 199
233 199
232 199
231 199
230 199
229 199
228 199
227 199
226 199
225 199
224 199
223 199
222 199
221 199
220 199
219 199
218 199
217 199
216 199
215 199
214 199
213 199
212 199
211 199
210 199
209 199
208 199
207 199
206 199
205 199
204 199
203 199
202 199
201 199
200 199
199 199
198 199
197 199
196 199
195 199
194 199
193 199
192 199
191 199
190 199
189 199
188 199
187 199
186 199
185 199
184 199
183 199
182 199
181 199
180 199
179 199
178 199
177 199
176 199
175 199
174 199
173 199
172 199
171 199
170 199
169 199
168 199
167 199
166 199
165 199
164 199
163 199
162 199
161 199
160 199
159 199
158 199
157 199
156 199
155 199
154 199
153 199
152 199
151 199
150 199
149 199
148 199
147 199
146 199
145 199
144 199
143 199
142 199
141 199
140 199
139 199
138 199
137 199
136 199
135 199
134 199
133 199
132 199
131 199
130 199
129 199
128 199
127 199
126 199
125 199
124 199
123 199
122 199
121 199
120 199
119 199
118 199
117 199
116 199
115 199
114 199
113 199
112 199
111 199
110 199
109 199
108 199
107 199
106 199
105 199
104 199
103 199
102 199
101 199
100 199
99 199
98 199
97 199
96 199
95 199
94 199
93 198
92 197
91 196
90 195
89 194
88 193
87 192
86 191
85 190
84 189
83 188
82 187
81 186
80 185
79 184
78 183
77 182
76 181
75 180
74 179
73 178
72 177
71 176
70 175
69 174
68 173
67 172
66 171
65 170
64 169
63 168
62 167
61 166
60 165
59 164
58 163
57 162
56 161
55 160
54 159
53 158
52 157
51 156
50 155
49 154
48 153
47 152
46 151
45 150
44 149
43 148
42 147
41 146
40 145
39 144
38 143
37 142
36 141
35 140
34 139
33 138
32 137
31 136
31 135
31 134
31 133
31 132
31 131
31 130
31 129
31 128
31 127
31 126
31 125
31 124
31 123
31 122
31 121
31 120
31 119
31 118
31 117
31 116
31 115
31 114
31 113
31 112
31 111
31 110
31 109
31 108
31 107
31 106
31 105
31 104
31 103
31 102
31 101
31 100
31 99
31 98
31 97
31 96
31 95
31 94
31 93
31 92
31 91
31 90
31 89
31 88
31 87
31 86
31 85
31 84
31 83
31 82
31 81
31 80
31 79
31 78
31 77
31 76
31 75
31 74
31 73
31 72
31 71
31 70
31 69
31 68
31 67
31 66
31 65
31 64
31 63
31 62
31 61
31 60
31 59
31 58
31 57
31 56
31 55
31 54
31 53
32 93
33 92
34 91
35 90
36 89
37 88
38 87
39 86
40 85
41 84
42 83
43 82
44 81
45 80
46 79
47 78
48 77
49 76
50 75
51 74
52 73
53 73
54 73
55 73
56 73
57 73
58 73
59 73
60 73
61 73
62 73
63 73
64 73
65 73
66 73
67 73
68 73
69 73
70 73
71 73
72 73
73 73
74 73
75 73
76 73
77 73
78 73
79 73
80 73
81 73
82 73
83 73
84 73
85 73
86 73
87 73
88 73
89 73
90 73
91 73
92 73
93 73
53 74
54 75
55 76
56 77
57 78
58 79
59 80
60 81
61 82
62 83
63 84
64 85
65 86
66 87
67 88
68 89
69 90
70 91
71 92
72 93
32 114
33 113
34 112
35 111
36 110
37 109
38 108
39 107
40 106
41 105
42 104
43 103
44 102
45 101
46 100
47 99
48 98
49 97
50 96
51 95
32 135
33 134
34 133
35 132
36 131
37 130
38 129
39 128
40 127
41 126
42 125
43 124
44 123
45 122
46 121
47 120
48 119
49 118
50 117
51 116
50 157
49 157
48 157
47 157
46 157
45 157
44 157
43 157
42 157
41 157
40 157
39 157
38 157
37 157
36 157
35 157
34 157
33 157
32 157
51 157
51 158
50 159
49 160
48 161
47 162
46 163
45 164
44 165
43 166
42 167
41 168
40 169
39 170
38 171
37 172
36 173
35 174
34 175
33 176
32 177
31 178
31 179
31 180
31 181
31 182
31 183
31 184
31 185
31 186
31 187
31 188
31 189
31 190
31 191
31 192
31 193
31 194
31 195
31 196
31 197
31 198
31 199
31 200
31 201
31 202
31 203
31 204
31 205
31 206
31 207
31 208
31 209
31 210
31 211
31 212
31 213
31 214
31 215
31 216
31 217
31 218
31 219
31 220
31 221
31 222
31 223
31 224
31 225
31 226
31 227
31 228
31 229
31 230
31 231
31 232
31 233
31 234
31 235
31 236
31 237
31 238
31 239
31 240
32 221
33 222
34 223
35 224
36 225
37 226
38 227
39 228
40 229
41 230
42 231
43 232
44 233
45 234
46 235
47 236
48 237
49 238
50 239
51 240
52 241
53 241
54 241
55 241
56 241
57 241
58 241
59 241
60 241
61 241
62 241
63 241
64 241
65 241
66 241
67 241
68 241
69 241
70 241
71 241
72 241
71 178
70 178
69 178
68 178
67 178
66 178
65 178
64 178
63 178
62 178
61 178
60 178
59 178
58 178
57 178
56 178
55 178
54 178
53 178
72 178
72 179
71 180
70 181
69 182
68 183
67 184
66 185
65 186
64 187
63 188
62 189
61 190
60 191
59 192
58 193
57 194
56 195
55 196
54 197
53 198
92 199
91 199
90 199
89 199
88 199
87 199
86 199
85 199
84 199
83 199
82 199
81 199
80 199
79 199
78 199
77 199
76 199
75 199
74 199
93 199
93 200
92 201
91 202
90 203
89 204
88 205
87 206
86 207
85 208
84 209
83 210
82 211
81 212
80 213
79 214
78 215
77 216
76 217
75 218
74 219
73 220
74 221
75 222
76 223
77 224
78 225
79 226
80 227
81 228
82 229
83 230
84 231
85 232
86 233
87 234
88 235
89 236
90 237
91 238
92 239
93 240
114 200
113 201
112 202
111 203
110 204
109 205
108 206
107 207
106 208
105 209
104 210
103 211
102 212
101 213
100 214
99 215
98 216
97 217
96 218
95 219
94 220
95 221
96 222
97 223
98 224
99 225
100 226
101 227
102 228
103 229
104 230
105 231
106 232
107 233
108 234
109 235
110 236
111 237
112 238
113 239
114 240
135 200
134 201
133 202
132 203
131 204
130 205
129 206
128 207
127 208
126 209
125 210
124 211
123 212
122 213
121 214
120 215
119 216
118 217
117 218
116 219
115 220
116 221
117 222
118 223
119 224
120 225
121 226
122 227
123 228
124 229
125 230
126 231
127 232
128 233
129 234
130 235
131 236
132 237
133 238
134 239
135 240
156 200
155 201
154 202
153 203
152 204
151 205
150 206
149 207
148 208
147 209
146 210
145 211
144 212
143 213
142 214
141 215
140 216
139 217
138 218
137 219
136 220
137 221
138 222
139 223
140 224
141 225
142 226
143 227
144 228
145 229
146 230
147 231
148 232
149 233
150 234
151 235
152 236
153 237
154 238
155 239
156 240
177 200
176 201
175 202
174 203
173 204
172 205
171 206
170 207
169 208
168 209
167 210
166 211
165 212
164 213
163 214
162 215
161 216
160 217
159 218
158 219
157 220
158 221
159 222
160 223
161 224
162 225
163 226
164 227
165 228
166 229
167 230
168 231
169 232
170 233
171 234
172 235
173 236
174 237
175 238
176 239
177 240
198 200
197 201
196 202
195 203
194 204
193 205
192 206
191 207
190 208
189 209
188 210
187 211
186 212
185 213
184 214
183 215
182 216
181 217
180 218
179 219
178 220
179 221
180 222
181 223
182 224
183 225
184 226
185 227
186 228
187 229
188 230
189 231
190 232
191 233
192 234
193 235
194 236
195 237
196 238
197 239
198 240
199 241
200 242
201 243
202 244
203 245
204 246
205 247
206 248
207 249
208 250
209 251
210 252
211 253
212 254
213 255
214 256
215 257
216 258
217 259
218 260
219 261
219 200
218 201
217 202
216 203
215 204
214 205
213 206
212 207
211 208
210 209
209 210
208 211
207 212
206 213
205 214
204 215
203 216
202 217
201 218
200 219
199 220
200 221
201 222
202 223
203 224
204 225
205 226
206 227
207 228
208 229
209 230
210 231
211 232
212 233
213 234
214 235
215 236
216 237
217 238
218 239
219 240
220 241
221 242
222 243
223 244
224 245
225 246
226 247
227 248
228 249
229 250
230 251
231 252
232 253
233 254
234 255
235 256
236 257
237 258
238 259
239 260
240 261
241 262
242 263
243 264
244 265
245 266
246 267
247 268
248 269
249 270
250 271
251 272
252 273
253 274
254 275
255 276
256 277
257 278
258 279
259 280
260 281
261 282
262 283
261 284
260 285
259 286
258 287
257 288
256 289
255 290
254 291
253 292
252 293
251 294
250 295
249 296
248 297
247 298
246 299
245 300
244 301
243 302
242 303
241 304
240 305
239 306
238 307
237 308
236 309
235 310
234 311
233 312
232 313
231 314
230 315
229 316
228 317
227 318
226 319
225 320
224 321
223 322
222 323
221 324
220 325
219 325
218 325
217 325
216 325
215 325
214 325
213 325
212 325
211 325
210 325
209 325
208 325
207 325
206 325
205 325
204 325
203 325
202 325
201 325
200 325
199 325
198 325
197 325
196 325
195 325
194 325
193 325
192 325
191 325
190 325
189 325
188 325
187 325
186 325
185 325
184 325
183 325
182 325
181 325
180 325
179 325
198 326
197 327
196 328
195 329
194 330
193 331
192 332
191 333
190 334
189 335
188 336
187 337
186 338
185 339
184 340
183 341
182 342
181 343
180 344
179 345
219 326
218 327
217 328
216 329
215 330
214 331
213 332
212 333
211 334
210 335
209 336
208 337
207 338
206 339
205 340
204 341
203 342
202 343
201 344
200 345
220 327
220 328
220 329
220 330
220 331
220 332
220 333
220 334
220 335
220 336
220 337
220 338
220 339
220 340
220 341
220 342
220 343
220 344
220 345
220 326
221 326
222 327
223 328
224 329
225 330
226 331
227 332
228 333
229 334
230 335
231 336
232 337
233 338
234 339
235 340
236 341
237 342
238 343
239 344
240 345
241 346
242 347
243 348
244 349
245 350
246 351
247 352
248 353
249 354
250 355
251 356
252 357
253 358
254 359
255 360
256 361
257 362
258 363
259 364
260 365
261 366
241 306
241 307
241 308
241 309
241 310
241 311
241 312
241 313
241 314
241 315
241 316
241 317
241 318
241 319
241 320
241 321
241 322
241 323
241 324
241 325
242 326
243 327
244 328
245 329
246 330
247 331
248 332
249 333
250 334
251 335
252 336
253 337
254 338
255 339
256 340
257 341
258 342
259 343
260 344
261 345
262 346
263 347
264 348
265 349
266 350
267 351
268 352
269 353
270 354
271 355
272 356
273 357
274 358
275 359
276 360
277 361
278 362
279 363
280 364
281 365
282 366
241 305
242 305
243 306
244 307
245 308
246 309
247 310
248 311
249 312
250 313
251 314
252 315
253 316
254 317
255 318
256 319
257 320
258 321
259 322
260 323
261 324
262 325
263 326
264 327
265 328
266 329
267 330
268 331
269 332
270 333
271 334
272 335
273 336
274 337
275 338
276 339
277 340
278 341
279 342
280 343
281 344
282 345
283 346
284 347
285 348
286 349
287 350
288 351
289 352
290 353
291 354
292 355
293 356
294 357
295 358
296 359
297 360
298 361
299 362
300 363
301 364
302 365
303 366
262 285
262 286
262 287
262 288
262 289
262 290
262 291
262 292
262 293
262 294
262 295
262 296
262 297
262 298
262 299
262 300
262 301
262 302
262 303
262 304
263 305
264 306
265 307
266 308
267 309
268 310
269 311
270 312
271 313
272 314
273 315
274 316
275 317
276 318
277 319
278 320
279 321
280 322
281 323
282 324
283 325
284 326
285 327
286 328
287 329
288 330
289 331
290 332
291 333
292 334
293 335
294 336
295 337
296 338
297 339
298 340
299 341
300 342
301 343
302 344
303 345
304 346
305 346
306 346
307 346
308 346
309 346
310 346
311 346
312 346
313 346
314 346
315 346
316 346
317 346
318 346
319 346
320 346
321 346
322 346
323 346
324 346
305 347
306 348
307 349
308 350
309 351
310 352
311 353
312 354
313 355
314 356
315 357
316 358
317 359
318 360
319 361
320 362
321 363
322 364
323 365
324 366
262 284
263 284
264 285
265 286
266 287
267 288
268 289
269 290
270 291
271 292
272 293
273 294
274 295
275 296
276 297
277 298
278 299
279 300
280 301
281 302
282 303
240 200
239 201
238 202
237 203
236 204
235 205
234 206
233 207
232 208
231 209
230 210
229 211
228 212
227 213
226 214
225 215
224 216
223 217
222 218
221 219
261 200
260 201
259 202
258 203
257 204
256 205
255 206
254 207
253 208
252 209
251 210
250 211
249 212
248 213
247 214
246 215
245 216
244 217
243 218
242 219
279 202
279 203
278 204
277 205
276 206
275 207
274 208
273 209
272 210
271 211
270 212
269 213
268 214
267 215
266 216
265 217
264 218
263 219
262 220
261 221
260 222
259 223
258 224
257 225
256 226
255 227
254 228
253 229
252 230
251 231
250 232
249 233
248 234
247 235
246 236
245 237
244 238
243 239
242 240
241 241
242 242
243 243
244 244
245 245
246 246
247 247
248 248
249 249
250 250
251 251
252 252
253 253
254 254
255 255
256 256
257 257
258 258
259 259
260 260
261 261
262 262
263 263
264 264
265 265
266 266
267 267
268 268
269 269
270 270
271 271
272 272
273 273
274 274
275 275
276 276
277 277
278 278
279 279
280 280
281 281
282 282
283 283
284 284
285 285
286 286
287 287
288 288
289 289
290 290
291 291
292 292
293 293
294 294
295 295
296 296
297 297
298 298
299 299
300 300
301 301
302 302
303 303
304 304
305 305
306 306
307 307
308 308
309 309
310 310
311 311
312 312
313 313
314 314
315 315
316 316
317 317
318 318
319 319
320 320
321 321
322 322
323 323
324 324
262 222
262 223
262 224
262 225
262 226
262 227
262 228
262 229
262 230
262 231
262 232
262 233
262 234
262 235
262 236
262 237
262 238
262 239
262 240
262 241
263 242
264 243
265 244
266 245
267 246
268 247
269 248
270 249
271 250
272 251
273 252
274 253
275 254
276 255
277 256
278 257
279 258
280 259
281 260
282 261
283 262
284 263
285 264
286 265
287 266
288 267
289 268
290 269
291 270
292 271
293 272
294 273
295 274
296 275
297 276
298 277
299 278
300 279
301 280
302 281
303 282
304 283
305 284
306 285
307 286
308 287
309 288
310 289
311 290
312 291
313 292
314 293
315 294
316 295
317 296
318 297
319 298
320 299
321 300
322 301
323 302
324 303
262 221
263 221
264 222
265 223
266 224
267 225
268 226
269 227
270 228
271 229
272 230
273 231
274 232
275 233
276 234
277 235
278 236
279 237
280 238
281 239
282 240
283 241
284 242
285 243
286 244
287 245
288 246
289 247
290 248
291 249
292 250
293 251
294 252
295 253
296 254
297 255
298 256
299 257
300 258
301 259
302 260
303 261
304 262
305 263
306 264
307 265
308 266
309 267
310 268
311 269
312 270
313 271
314 272
315 273
316 274
317 275
318 276
319 277
320 278
321 279
322 280
323 281
324 282
279 205
279 206
279 207
279 208
279 209
279 210
279 211
279 212
279 213
279 214
279 215
279 216
280 217
281 218
282 219
283 220
284 221
285 222
286 223
287 224
288 225
289 226
290 227
291 228
292 229
293 230
294 231
295 232
296 233
297 234
298 235
299 236
300 237
301 238
302 239
303 240
304 241
305 242
306 243
307 244
308 245
309 246
310 247
311 248
312 249
313 250
314 251
315 252
316 253
317 254
318 255
319 256
320 257
321 258
322 259
323 260
324 261
279 204
280 202
281 201
282 200
283 199
284 198
285 197
286 196
287 195
288 194
289 193
290 192
291 191
292 190
293 189
294 188
295 187
296 186
297 185
298 184
299 183
300 182
301 181
302 180
303 179
304 178
304 177
304 176
304 175
304 174
304 173
304 172
304 171
304 170
304 169
304 168
304 167
304 166
304 165
304 164
304 163
304 162
304 161
304 160
304 159
304 158
304 157
304 156
304 155
304 154
304 153
304 152
304 151
304 150
304 149
304 148
304 147
304 146
304 145
304 144
304 143
304 142
304 141
304 140
304 139
304 138
304 137
304 136
303 135
302 134
301 133
300 132
299 131
298 130
297 129
296 128
295 127
294 126
293 125
292 124
291 123
290 122
289 121
288 120
287 119
286 118
285 117
284 116
283 115
282 114
281 113
280 112
279 111
278 110
277 109
276 108
275 107
274 106
273 105
272 104
271 103
270 102
269 101
268 100
267 99
266 98
265 97
264 96
263 95
262 94
261 94
260 94
259 94
258 94
257 94
256 94
255 94
254 94
253 94
252 94
251 94
250 94
249 94
248 94
247 94
246 94
245 94
244 94
243 94
242 94
241 94
240 93
239 92
238 91
237 90
236 89
235 88
234 87
233 86
232 85
231 84
230 83
229 82
228 81
227 80
226 79
225 78
224 77
223 76
222 75
221 74
220 73
219 73
218 73
217 73
216 73
215 73
214 73
213 73
212 73
211 73
210 73
209 73
208 73
207 73
206 73
205 73
204 73
203 73
202 73
201 73
200 73
199 73
198 73
197 73
196 73
195 73
194 73
193 73
192 73
191 73
190 73
189 73
188 73
187 73
186 73
185 73
184 73
183 73
182 73
181 73
180 73
179 73
178 73
177 73
176 73
175 73
174 73
173 73
172 73
171 73
170 73
169 73
168 73
167 73
166 73
165 73
164 73
163 73
162 73
161 73
160 73
159 73
158 73
157 73
156 73
155 73
154 73
153 73
152 73
151 73
150 73
149 73
148 73
147 73
146 73
145 73
144 73
143 73
142 73
141 73
140 73
139 73
138 73
137 73
156 74
155 75
154 76
153 77
152 78
151 79
150 80
149 81
148 82
147 83
146 84
145 85
144 86
143 87
142 88
141 89
140 90
139 91
138 92
137 93
177 74
176 75
175 76
174 77
173 78
172 79
171 80
170 81
169 82
168 83
167 84
166 85
165 86
164 87
163 88
162 89
161 90
160 91
159 92
158 93
198 74
197 75
196 76
195 77
194 78
193 79
192 80
191 81
190 82
189 83
188 84
187 85
186 86
185 87
184 88
183 89
182 90
181 91
180 92
179 93
219 74
218 75
217 76
216 77
215 78
214 79
213 80
212 81
211 82
210 83
209 84
208 85
207 86
206 87
205 88
204 89
203 90
202 91
201 92
200 93
239 94
238 94
237 94
236 94
235 94
234 94
233 94
232 94
231 94
230 94
229 94
228 94
227 94
226 94
225 94
224 94
223 94
222 94
221 94
240 94
283 113
283 112
283 111
283 110
283 109
283 108
283 107
283 106
283 105
283 104
283 103
283 102
283 101
283 100
283 99
283 98
283 97
283 96
283 95
283 114
284 114
285 113
286 112
287 111
288 110
289 109
290 108
291 107
292 106
293 105
294 104
295 103
296 102
297 101
298 100
299 99
300 98
301 97
302 96
303 95
304 94
305 94
306 94
307 94
308 94
309 94
310 94
311 94
312 94
313 94
314 94
315 94
316 94
317 94
318 94
319 94
320 94
321 94
322 94
323 94
324 94
325 94
326 94
327 94
328 94
329 94
330 94
331 94
332 94
333 94
334 94
335 94
336 94
337 94
338 94
339 94
340 94
341 94
342 94
343 94
344 94
345 94
326 95
327 96
328 97
329 98
330 99
331 100
332 101
333 102
334 103
335 104
336 105
337 106
338 107
339 108
340 109
341 110
342 111
343 112
344 113
345 114
304 134
304 133
304 132
304 131
304 130
304 129
304 128
304 127
304 126
304 125
304 124
304 123
304 122
304 121
304 120
304 119
304 118
304 117
304 116
304 135
305 135
306 134
307 133
308 132
309 131
310 130
311 129
312 128
313 127
314 126
315 125
316 124
317 123
318 122
319 121
320 120
321 119
322 118
323 117
324 116
325 115
326 116
327 117
328 118
329 119
330 120
331 121
332 122
333 123
334 124
335 125
336 126
337 127
338 128
339 129
340 130
341 131
342 132
343 133
344 134
345 135
305 156
306 155
307 154
308 153
309 152
310 151
311 150
312 149
313 148
314 147
315 146
316 145
317 144
318 143
319 142
320 141
321 140
322 139
323 138
324 137
325 136
326 137
327 138
328 139
329 140
330 141
331 142
332 143
333 144
334 145
335 146
336 147
337 148
338 149
339 150
340 151
341 152
342 153
343 154
344 155
345 156
305 177
306 176
307 175
308 174
309 173
310 172
311 171
312 170
313 169
314 168
315 167
316 166
317 165
318 164
319 163
320 162
321 161
322 160
323 159
324 158
325 157
326 158
327 159
328 160
329 161
330 162
331 163
332 164
333 165
334 166
335 167
336 168
337 169
338 170
339 171
340 172
341 173
342 174
343 175
344 176
345 177
306 178
307 178
308 178
309 178
310 178
311 178
312 178
313 178
314 178
315 178
316 178
317 178
318 178
319 178
320 178
321 178
322 178
323 178
324 178
305 178
305 179
306 180
307 181
308 182
309 183
310 184
311 185
312 186
313 187
314 188
315 189
316 190
317 191
318 192
319 193
320 194
321 195
322 196
323 197
324 198
325 199
326 200
327 201
328 202
329 203
330 204
331 205
332 206
333 207
334 208
335 209
336 210
337 211
338 212
339 213
340 214
341 215
342 216
343 217
344 218
345 219
346 220
347 221
348 222
349 223
350 224
351 225
352 226
353 227
354 228
355 229
356 230
357 231
358 232
359 233
360 234
361 235
362 236
363 237
364 238
365 239
366 240
367 241
368 242
369 243
370 244
371 245
372 246
373 247
374 248
375 249
376 250
377 251
378 252
379 253
380 254
381 255
382 256
383 257
384 258
385 259
386 260
387 261
388 262
389 262
390 262
391 262
392 262
393 262
394 262
395 262
396 262
397 262
398 262
399 262
400 262
401 262
402 262
403 262
404 262
405 262
406 262
407 262
408 262
409 262
410 262
411 262
412 262
413 262
414 262
415 262
416 262
417 262
418 262
419 262
420 262
421 262
422 262
423 262
424 262
425 262
426 262
427 262
428 262
429 262
430 262
431 262
432 262
433 262
434 262
435 262
436 262
437 262
438 262
439 262
440 262
441 262
442 262
443 262
444 262
445 262
446 262
447 262
448 262
449 262
450 262
451 262
452 262
453 262
454 262
455 262
456 262
457 262
458 262
459 262
460 262
461 262
462 262
463 262
464 262
465 262
466 262
467 262
468 262
469 262
470 262
471 262
472 262
473 261
474 260
475 259
476 258
477 257
478 256
479 255
480 254
481 253
482 252
483 251
484 250
485 249
486 248
487 247
488 246
489 245
490 244
491 243
492 242
493 243
493 244
493 245
493 246
493 247
493 248
493 249
493 250
493 251
493 252
493 253
493 254
493 255
493 256
493 257
493 258
493 259
493 260
493 261
493 262
493 263
493 264
493 265
493 266
493 267
493 268
493 269
493 270
493 271
493 272
493 273
493 274
493 275
493 276
493 277
493 278
493 279
493 280
493 281
493 282
494 263
495 264
496 265
497 266
498 267
499 268
500 269
501 270
502 271
503 272
504 273
505 274
506 275
507 276
508 277
509 278
510 279
511 280
512 281
513 282
493 242
493 241
494 240
495 239
496 238
497 237
498 236
499 235
500 234
501 233
502 232
503 231
504 230
505 229
506 228
507 227
508 226
509 225
510 224
511 223
512 222
513 221
514 220
514 219
514 218
514 217
514 216
514 215
514 214
514 213
514 212
514 211
514 210
514 209
514 208
514 207
514 206
514 205
514 204
514 203
514 202
514 201
514 200
514 199
515 198
516 197
517 196
518 195
519 194
520 193
521 192
522 191
523 190
524 189
525 188
526 187
527 186
528 185
529 184
530 183
531 182
532 181
533 180
534 179
535 178
535 177
535 176
535 175
535 174
535 173
535 172
535 171
535 170
535 169
535 168
535 167
535 166
535 165
535 164
535 163
535 162
535 161
535 160
535 159
535 158
535 157
534 156
533 155
532 154
531 153
530 152
529 151
528 150
527 149
526 148
525 147
524 146
523 145
522 144
521 143
520 142
519 141
518 140
517 139
516 138
515 137
514 136
513 135
512 134
511 133
510 132
509 131
508 130
507 129
506 128
505 127
504 126
503 125
502 124
501 123
500 122
499 121
498 120
497 119
496 118
495 117
494 116
514 134
514 133
514 132
514 131
514 130
514 129
514 128
514 127
514 126
514 125
514 124
514 123
514 122
514 121
514 120
514 119
514 118
514 117
514 116
514 135
495 241
496 241
497 241
498 241
499 241
500 241
501 241
502 241
503 241
504 241
505 241
506 241
507 241
508 241
509 241
510 241
511 241
512 241
513 241
494 241
494 242
495 243
496 244
497 245
498 246
499 247
500 248
501 249
502 250
503 251
504 252
505 253
506 254
507 255
508 256
509 257
510 258
511 259
512 260
513 261
285 199
286 199
287 199
288 199
289 199
290 199
291 199
292 199
293 199
294 199
295 199
296 199
297 199
298 199
299 199
300 199
301 199
302 199
303 199
304 199
305 200
306 201
307 202
308 203
309 204
310 205
311 206
312 207
313 208
314 209
315 210
316 211
317 212
318 213
319 214
320 215
321 216
322 217
323 218
324 219
325 220
326 221
327 222
328 223
329 224
330 225
331 226
332 227
333 228
334 229
335 230
336 231
337 232
338 233
339 234
340 235
341 236
342 237
343 238
344 239
345 240
346 241
347 242
348 243
349 244
350 245
351 246
352 247
353 248
354 249
355 250
356 251
357 252
358 253
359 254
360 255
361 256
362 257
363 258
364 259
365 260
366 261
284 199
284 200
285 201
286 202
287 203
288 204
289 205
290 206
291 207
292 208
293 209
294 210
295 211
296 212
297 213
298 214
299 215
300 216
301 217
302 218
303 219
304 220
305 221
306 222
307 223
308 224
309 225
310 226
311 227
312 228
313 229
314 230
315 231
316 232
317 233
318 234
319 235
320 236
321 237
322 238
323 239
324 240
325 241
326 242
327 243
328 244
329 245
330 246
331 247
332 248
333 249
334 250
335 251
336 252
337 253
338 254
339 255
340 256
341 257
342 258
343 259
344 260
345 261
144
279 202
31 52
31 73
31 94
31 115
31 136
31 157
31 178
31 199
31 220
31 241
52 73
52 94
52 115
52 157
52 178
52 199
52 241
73 73
73 94
73 178
73 199
73 220
73 241
94 73
94 199
94 220
94 241
115 199
115 220
115 241
136 73
136 94
136 199
136 220
136 241
157 73
157 94
157 199
157 220
157 241
178 73
178 94
178 199
178 220
178 241
178 325
178 346
199 73
199 94
199 199
199 220
199 241
199 325
199 346
220 73
220 94
220 199
220 220
220 241
220 262
220 325
220 346
241 94
241 199
241 220
241 241
241 262
241 304
241 325
241 346
262 94
262 199
262 220
262 241
262 262
262 283
262 304
262 325
262 346
262 367
283 94
283 115
283 199
283 220
283 241
283 262
283 283
283 304
283 325
283 346
283 367
304 94
304 115
304 136
304 157
304 178
304 199
304 220
304 241
304 262
304 283
304 304
304 346
304 367
325 94
325 115
325 136
325 157
325 178
325 199
325 220
325 241
325 262
325 283
325 304
325 325
325 346
325 367
346 94
346 115
346 136
346 157
346 178
346 220
346 241
346 262
367 241
367 262
388 262
409 262
430 262
451 262
493 115
493 241
493 262
493 283
514 115
514 136
514 199
514 220
514 241
514 262
514 283
535 178
