333 270
22 172
22 187
22 202
22 217
22 322
22 337
22 352
22 367
37 157
37 172
37 187
37 202
37 217
37 322
37 337
37 352
37 382
52 142
52 157
52 172
52 187
52 202
52 217
52 322
52 337
52 352
52 382
52 397
67 142
67 157
67 172
67 187
67 202
67 217
67 232
67 247
67 262
67 277
67 292
67 307
67 337
67 352
67 397
82 142
82 157
82 172
82 187
82 352
82 367
82 382
82 397
97 127
97 142
97 157
97 172
97 187
97 202
97 217
97 232
97 247
97 262
97 277
97 292
97 307
97 322
97 337
97 367
97 397
112 97
112 112
112 127
112 142
112 157
112 172
112 187
112 202
112 217
112 232
112 247
112 262
112 277
112 292
112 307
112 322
112 337
112 367
112 397
112 412
112 427
112 442
127 97
127 112
127 127
127 142
127 157
127 172
127 187
127 202
127 217
127 232
127 247
127 262
127 277
127 292
127 307
127 322
127 337
127 382
127 397
127 412
127 427
127 442
142 112
142 127
142 187
142 202
142 232
142 247
142 262
142 277
142 292
142 307
142 322
142 337
142 382
142 397
142 427
157 112
157 127
157 142
157 157
157 172
157 187
157 202
157 217
157 232
157 247
157 262
157 277
157 292
157 307
157 322
157 337
157 352
157 367
157 382
157 397
157 412
157 427
157 442
172 112
172 127
172 142
172 157
172 187
172 202
172 232
172 262
172 277
172 292
172 307
172 367
172 382
172 427
172 442
187 112
187 127
187 142
187 157
187 172
187 187
187 202
187 217
187 232
187 247
187 262
187 277
187 292
187 307
187 322
187 337
187 352
187 367
187 382
187 397
187 427
187 442
202 112
202 127
202 142
202 157
202 202
202 217
202 232
202 247
202 262
202 277
202 292
202 307
202 322
202 337
202 352
202 382
202 397
202 427
202 442
217 112
217 127
217 157
217 172
217 187
217 202
217 217
217 232
217 247
217 262
217 277
217 292
217 307
217 322
217 337
217 352
217 367
217 382
217 397
217 427
217 442
232 112
232 127
232 142
232 157
232 187
232 202
232 217
232 232
232 247
232 262
232 277
232 292
232 307
232 322
232 337
232 352
232 367
232 382
232 427
232 442
247 112
247 127
247 142
247 157
247 187
247 202
247 217
247 232
247 247
247 262
247 277
247 292
247 307
247 322
247 337
247 352
247 367
247 382
247 397
247 427
247 442
262 112
262 127
262 142
262 157
262 172
262 187
262 202
262 217
262 232
262 247
262 262
262 277
262 292
262 307
262 322
262 337
262 352
262 367
262 382
262 427
262 442
277 112
277 127
277 142
277 157
277 187
277 202
277 217
277 232
277 247
277 262
277 277
277 292
277 307
277 322
277 337
277 352
277 367
277 382
277 397
277 427
277 442
292 37
292 52
292 67
292 82
292 202
292 232
292 247
292 262
292 277
292 292
292 307
292 472
292 487
292 502
307 52
307 67
307 82
307 97
307 112
307 127
307 142
307 157
307 172
307 187
307 202
307 217
307 232
307 247
307 262
307 277
307 292
307 307
307 322
307 337
307 352
307 367
307 382
307 397
307 427
307 442
307 457
307 472
307 487
322 112
322 142
322 172
322 187
322 202
322 217
322 232
322 247
322 262
322 277
322 292
322 307
322 322
322 337
322 367
322 382
322 412
322 427
322 487
337 37
337 52
337 67
337 82
337 112
337 127
337 142
337 172
337 187
337 202
337 217
337 232
337 247
337 262
337 277
337 292
337 307
337 322
337 337
337 367
337 382
337 397
337 412
337 427
337 457
337 472
337 487
337 502
352 22
352 37
352 52
352 67
352 82
352 97
352 112
352 127
352 142
352 172
352 187
352 202
352 217
352 232
352 247
352 262
352 277
352 292
352 307
352 322
352 337
352 367
352 382
352 397
352 412
352 427
352 442
352 457
352 472
352 487
352 502
352 517
367 37
367 52
367 67
367 82
367 112
367 127
367 142
367 172
367 187
367 202
367 217
367 232
367 247
367 262
367 277
367 292
367 307
367 322
367 337
367 352
367 367
367 382
367 397
367 412
367 427
367 457
367 472
367 487
367 502
382 37
382 52
382 67
382 112
382 127
382 142
382 157
382 172
382 187
382 202
382 217
382 232
382 247
382 262
382 277
382 292
382 307
382 322
382 337
382 352
382 367
382 397
382 412
382 427
382 487
397 52
397 67
397 82
397 97
397 112
397 127
397 142
397 157
397 172
397 187
397 202
397 217
397 232
397 247
397 262
397 277
397 292
397 307
397 322
397 352
397 367
397 412
397 427
397 442
397 457
397 472
397 487
412 52
412 67
412 82
412 97
412 112
412 142
412 157
412 172
412 187
412 202
412 217
412 247
412 262
412 277
412 292
412 307
412 337
412 352
412 367
412 427
412 442
412 457
412 472
412 487
412 502
427 52
427 67
427 112
427 127
427 142
427 157
427 172
427 187
427 202
427 217
427 232
427 247
427 262
427 277
427 292
427 307
427 322
427 337
427 352
427 367
427 382
427 397
427 427
427 442
442 112
442 127
442 142
442 157
442 172
442 187
442 202
442 217
442 232
442 247
442 262
442 277
442 292
442 307
442 322
442 337
442 352
442 367
442 382
442 397
442 412
442 427
442 442
457 112
457 127
457 142
457 157
457 172
457 187
457 202
457 217
457 232
457 247
457 262
457 277
457 292
457 307
457 322
457 337
457 352
457 367
457 382
457 397
457 427
457 442
472 112
472 127
472 142
472 157
472 172
472 187
472 202
472 217
472 232
472 247
472 262
472 277
472 292
472 307
472 322
472 337
472 352
472 367
472 382
472 397
472 427
472 442
487 112
487 127
487 142
487 157
487 172
487 187
487 202
487 217
487 232
487 247
487 262
487 277
487 292
487 307
487 322
487 337
487 352
487 367
487 382
487 397
487 427
487 442
502 112
502 127
502 142
502 157
502 172
502 187
502 202
502 217
502 232
502 247
502 262
502 277
502 292
502 307
502 322
502 337
502 352
502 367
502 382
502 397
502 427
502 442
517 112
517 127
517 142
517 157
517 172
517 187
517 202
517 217
517 232
517 247
517 262
517 277
517 292
517 307
517 322
517 337
517 352
517 367
517 382
517 397
517 427
517 442
532 112
532 127
532 157
532 187
532 202
532 217
532 232
532 247
532 262
532 277
532 292
532 307
532 322
532 337
532 352
532 382
532 427
532 442
547 112
547 127
547 142
547 157
547 172
547 187
547 202
547 217
547 232
547 247
547 262
547 277
547 292
547 307
547 322
547 337
547 352
547 367
547 382
547 397
547 412
547 427
547 442
562 112
562 157
562 202
562 277
562 352
562 382
562 427
562 442
577 112
577 127
577 142
577 157
577 172
577 187
577 202
577 217
577 232
577 247
577 262
577 277
577 292
577 307
577 322
577 337
577 352
577 367
577 382
577 397
577 412
577 427
577 442
592 97
592 112
592 127
592 142
592 157
592 172
592 187
592 202
592 217
592 232
592 247
592 262
592 277
592 292
592 307
592 322
592 337
592 352
592 367
592 382
592 397
592 412
592 427
592 442
607 112
607 157
607 172
607 202
607 217
607 232
607 247
607 262
607 277
607 292
607 307
607 322
607 337
607 352
607 382
607 397
607 427
607 442
622 127
622 142
622 157
622 172
622 187
622 202
622 217
622 232
622 247
622 262
622 277
622 292
622 307
622 322
622 337
622 352
622 367
622 382
622 397
622 412
637 142
637 157
637 202
637 307
637 382
637 397
637 412
652 382
652 397
