2921
120 90
139 71
138 72
137 73
136 74
135 75
134 76
133 77
132 78
131 79
130 80
129 81
128 82
127 83
126 84
125 85
124 86
123 87
122 88
121 89
139 109
138 108
137 107
136 106
135 105
134 104
133 103
132 102
131 101
130 100
129 99
128 98
127 97
126 96
125 95
124 94
123 93
122 92
121 91
91 61
92 62
93 63
94 64
95 65
96 66
97 67
98 68
99 69
100 70
101 71
102 72
103 73
104 74
105 75
106 76
107 77
108 78
109 79
110 80
111 81
112 82
113 83
114 84
115 85
116 86
117 87
118 88
119 89
91 109
92 108
93 107
94 106
95 105
96 104
97 103
98 102
99 101
100 100
101 99
102 98
103 97
104 96
105 95
106 94
107 93
108 92
109 91
110 90
111 89
112 88
113 87
114 86
41 11
42 12
43 13
44 14
45 15
46 16
47 17
48 18
49 19
50 20
51 21
52 22
53 23
54 24
55 25
56 26
57 27
58 28
59 29
60 30
61 31
62 32
63 33
64 34
65 35
66 36
67 37
68 38
69 39
70 40
71 41
72 42
73 43
74 44
75 45
76 46
77 47
78 48
79 49
80 50
81 51
82 52
83 53
84 54
85 55
86 56
87 57
88 58
89 59
90 60
64 11
63 12
62 13
61 14
60 15
59 16
58 17
57 18
56 19
55 20
54 21
53 22
89 11
88 12
87 13
86 14
85 15
84 16
83 17
82 18
81 19
80 20
79 21
78 22
77 23
76 24
75 25
74 26
73 27
72 28
71 29
70 30
69 31
68 32
67 33
66 34
16 11
17 11
18 11
19 11
20 11
21 11
22 11
23 11
24 11
25 11
26 11
27 11
28 11
29 11
30 11
31 11
32 11
33 11
34 11
35 11
36 11
37 11
38 11
39 11
40 11
114 11
113 11
112 11
111 11
110 11
109 11
108 11
107 11
106 11
105 11
104 11
103 11
102 11
101 11
100 11
99 11
98 11
97 11
96 11
95 11
94 11
93 11
92 11
91 11
90 11
139 11
138 11
137 11
136 11
135 11
134 11
133 11
132 11
131 11
130 11
129 11
128 11
127 11
126 11
125 11
124 11
123 11
122 11
121 11
120 11
119 11
118 11
117 11
116 11
115 11
164 11
163 11
162 11
161 11
160 11
159 11
158 11
157 11
156 11
155 11
154 11
153 11
152 11
151 11
150 11
149 11
148 11
147 11
146 11
145 11
144 11
143 11
142 11
141 11
140 11
189 11
188 11
187 11
186 11
185 11
184 11
183 11
182 11
181 11
180 11
179 11
178 11
177 11
176 11
175 11
174 11
173 11
172 11
171 11
170 11
169 11
168 11
167 11
166 11
165 11
214 11
213 11
212 11
211 11
210 11
209 11
208 11
207 11
206 11
205 11
204 11
203 11
202 11
201 11
200 11
199 11
198 11
197 11
196 11
195 11
194 11
193 11
192 11
191 11
190 11
204 54
203 53
202 52
201 51
200 50
199 49
198 48
197 47
196 46
195 45
194 44
193 43
192 42
191 41
190 40
189 39
188 38
187 37
186 36
185 35
184 34
183 33
182 32
181 31
180 30
179 29
178 28
177 27
176 26
175 25
174 24
173 23
172 22
171 21
170 20
169 19
168 18
167 17
166 16
165 15
164 14
164 13
164 12
204 79
204 78
204 77
204 76
204 75
204 74
204 73
204 72
204 71
204 70
204 69
204 68
204 67
204 66
204 65
204 64
204 63
204 62
204 61
204 60
204 59
204 58
204 57
204 56
204 55
204 104
204 103
204 102
204 101
204 100
204 99
204 98
204 97
204 96
204 95
204 94
204 93
204 92
204 91
204 90
204 89
204 88
204 87
204 86
204 85
204 84
204 83
204 82
204 81
204 80
209 149
208 148
207 147
206 146
205 145
204 144
204 143
204 142
204 141
204 140
204 139
204 138
204 137
204 136
204 135
204 134
204 133
204 132
204 131
204 130
204 129
204 128
204 127
204 126
204 125
204 124
204 123
204 122
204 121
204 120
204 119
204 118
204 117
204 116
204 115
204 114
204 113
204 112
204 111
204 110
204 109
204 108
204 107
204 106
204 105
41 159
42 158
43 157
44 156
45 155
46 154
47 153
48 152
49 151
50 150
51 149
52 148
53 147
54 146
55 145
56 144
57 143
58 142
59 141
60 140
61 139
62 138
63 137
64 136
65 135
66 134
67 133
68 132
69 131
70 130
71 129
72 128
73 127
74 126
75 125
76 124
77 123
78 122
79 121
80 120
81 119
82 118
83 117
84 116
85 115
86 114
87 113
88 112
89 111
90 110
16 151
17 152
18 153
19 154
20 155
21 156
22 157
23 158
24 159
25 159
26 159
27 159
28 159
29 159
30 159
31 159
32 159
33 159
34 159
35 159
36 159
37 159
38 159
39 159
40 159
224 36
223 37
222 38
221 39
220 40
219 41
218 42
217 43
216 44
215 45
214 46
213 47
212 48
211 49
210 50
209 51
208 52
207 53
206 54
205 54
109 36
108 37
107 38
106 39
105 40
104 41
103 42
102 43
101 44
100 45
99 46
98 47
97 48
96 49
95 50
94 51
93 52
92 53
91 54
90 55
89 56
88 57
11 34
12 33
13 32
14 31
15 30
16 29
16 28
16 27
16 26
16 25
16 24
16 23
16 22
16 21
16 20
16 19
16 18
16 17
16 16
16 15
16 14
16 13
16 12
181 84
182 83
183 82
184 81
185 80
186 79
187 79
188 79
189 79
190 79
191 79
192 79
193 79
194 79
195 79
196 79
197 79
198 79
199 79
200 79
201 79
202 79
203 79
186 131
187 132
188 133
189 134
190 135
191 136
192 137
193 138
194 139
195 140
196 141
197 142
198 143
199 144
200 144
201 144
202 144
203 144
186 164
187 163
188 162
189 161
190 160
191 159
192 158
193 157
194 156
195 155
196 154
197 153
198 152
199 151
200 150
201 149
202 148
203 147
204 146
176 34
177 33
178 32
179 31
224 164
223 163
222 162
221 161
220 160
219 159
218 158
217 157
216 156
215 155
214 154
213 153
212 152
211 151
210 150
109 139
108 138
107 137
106 136
105 135
104 134
103 133
102 132
101 131
100 130
99 129
98 128
97 127
96 126
95 125
94 124
93 123
92 122
91 121
90 120
89 119
88 118
87 117
86 116
56 91
57 92
58 93
59 94
60 95
61 96
62 97
63 98
64 99
65 100
66 101
67 102
68 103
69 104
70 105
71 106
72 107
73 108
74 109
75 110
76 111
77 112
78 113
79 114
80 115
81 116
82 117
76 121
77 122
64 144
63 143
62 142
61 141
76 69
77 68
78 67
79 66
80 65
81 64
82 63
83 62
84 61
85 60
86 59
87 58
186 59
187 58
188 57
189 56
190 55
191 54
192 53
193 52
194 51
195 50
196 49
197 48
224 59
223 58
222 57
221 56
220 55
219 54
218 53
217 52
216 51
215 50
214 49
213 48
64 164
63 163
62 162
61 161
60 160
59 159
58 158
57 157
56 156
55 155
54 154
53 153
52 152
51 151
151 29
152 28
153 27
154 26
155 25
156 24
157 23
158 22
159 21
160 20
161 19
162 18
163 17
164 16
154 61
153 62
152 63
151 64
150 65
149 66
148 67
147 68
146 69
145 70
144 71
143 71
142 71
141 71
140 71
154 119
153 118
152 117
151 116
150 115
149 114
148 113
147 112
146 111
145 110
144 109
143 109
142 109
141 109
140 109
224 126
223 127
222 128
221 129
220 130
219 131
218 132
217 133
216 134
215 135
214 136
213 137
212 138
211 139
210 140
209 141
208 142
207 143
206 144
224 84
223 83
222 82
221 81
220 80
219 79
218 79
217 79
216 79
215 79
214 79
213 79
212 79
211 79
210 79
209 79
208 79
207 79
206 79
205 79
11 59
11 58
11 57
11 56
11 55
11 54
11 53
11 52
11 51
11 50
11 49
11 48
11 47
11 46
11 45
11 44
11 43
11 42
11 41
11 40
11 39
11 38
11 37
11 36
11 35
11 84
11 83
11 82
11 81
11 80
11 79
11 78
11 77
11 76
11 75
11 74
11 73
11 72
11 71
11 70
11 69
11 68
11 67
11 66
11 65
11 64
11 63
11 62
11 61
11 60
11 109
11 108
11 107
11 106
11 105
11 104
11 103
11 102
11 101
11 100
11 99
11 98
11 97
11 96
11 95
11 94
11 93
11 92
11 91
11 90
11 89
11 88
11 87
11 86
11 85
91 164
92 163
93 162
94 161
95 160
96 159
97 158
98 157
99 156
100 155
101 154
102 153
103 152
104 151
105 150
106 149
107 148
108 147
109 146
109 145
109 144
109 143
109 142
109 141
109 140
114 164
113 163
112 162
111 161
110 160
109 159
108 158
107 157
106 156
105 155
104 154
103 153
134 146
133 147
132 148
131 149
130 150
129 151
128 152
127 153
126 154
125 155
124 156
123 157
122 158
121 159
120 160
119 161
118 162
117 163
116 164
115 164
139 164
138 163
137 162
136 161
135 160
134 159
133 158
132 157
131 156
130 155
129 154
128 153
159 146
158 147
157 148
156 149
155 150
154 151
153 152
152 153
151 154
150 155
149 156
148 157
147 158
146 159
145 160
144 161
143 162
142 163
141 164
140 164
11 164
12 163
13 162
14 161
15 160
16 159
17 158
18 157
19 156
46 49
47 48
48 47
49 46
50 45
51 44
52 43
53 42
54 41
55 40
56 39
57 38
58 37
59 36
60 35
61 34
62 33
46 131
47 132
48 133
49 134
50 135
51 136
52 137
53 138
54 139
55 140
56 141
57 142
84 29
83 28
82 27
81 26
80 25
79 24
78 23
91 146
92 147
93 148
94 149
95 150
96 151
97 152
98 153
99 154
186 104
187 104
188 104
189 104
190 104
191 104
192 104
193 104
194 104
195 104
196 104
197 104
198 104
199 104
200 104
201 104
202 104
203 104
36 24
37 23
38 22
39 21
40 20
41 19
42 18
43 17
44 16
159 164
158 163
157 162
156 161
155 160
154 159
153 158
152 157
151 156
134 84
133 83
132 82
131 81
109 66
108 67
107 68
106 69
105 70
104 71
103 72
79 91
78 92
77 93
76 94
75 95
74 96
73 97
72 98
71 99
70 100
69 101
68 102
109 114
108 113
107 112
106 111
105 110
104 109
103 108
102 107
101 106
100 105
99 104
98 103
199 26
198 27
197 28
196 29
195 30
194 31
193 32
192 33
191 34
190 35
189 36
188 37
24 64
23 63
22 62
21 61
20 60
19 59
18 59
17 59
16 59
15 59
14 59
13 59
12 59
24 89
23 88
22 87
21 86
20 85
19 84
18 84
17 84
16 84
15 84
14 84
13 84
12 84
24 114
23 113
22 112
21 111
20 110
19 109
18 109
17 109
16 109
15 109
14 109
13 109
12 109
11 136
12 137
13 138
14 139
15 140
16 141
16 142
16 143
16 144
16 145
16 146
16 147
16 148
16 149
16 150
124 31
123 32
122 33
121 34
120 35
119 36
118 36
117 36
116 36
115 36
114 36
113 36
112 36
111 36
110 36
154 89
153 88
152 87
151 86
150 85
149 84
148 83
147 82
146 81
145 80
144 79
143 78
142 77
141 76
140 75
139 74
138 73
224 99
224 98
224 97
224 96
224 95
224 94
224 93
224 92
224 91
224 90
224 89
224 88
224 87
224 86
224 85
199 159
198 158
197 157
196 156
36 164
37 163
38 162
39 161
40 160
224 139
223 138
222 137
221 136
220 135
219 134
218 133
51 104
52 103
53 102
54 101
55 100
56 99
57 98
58 97
59 96
224 11
223 11
222 11
221 11
220 11
219 11
218 11
217 11
216 11
215 11
46 76
47 77
48 78
49 79
50 80
51 81
52 82
53 83
54 84
55 85
56 86
56 87
56 88
56 89
56 90
71 54
72 53
73 52
74 51
75 50
76 49
77 48
159 69
158 68
157 67
156 66
155 65
154 64
153 63
159 111
158 112
157 113
156 114
155 115
154 116
153 117
181 139
182 138
183 137
184 136
185 135
186 134
187 133
136 61
137 62
138 63
139 64
140 65
141 66
142 67
143 68
144 69
136 119
137 118
138 117
139 116
140 115
141 114
142 113
143 112
144 111
11 14
12 13
13 12
14 11
15 11
36 151
37 152
38 153
39 154
40 155
41 156
42 157
29 56
28 57
27 58
26 59
25 60
24 61
23 62
114 61
113 62
112 63
111 64
110 65
29 124
28 123
27 122
26 121
25 120
24 119
24 118
24 117
24 116
24 115
181 44
182 43
183 42
184 41
185 40
186 39
187 38
161 16
162 17
111 14
112 13
113 12
136 14
137 13
138 12
201 76
202 77
203 78
201 101
202 102
203 103
146 34
147 33
148 32
149 31
150 30
181 109
182 108
183 107
184 106
185 105
204 164
203 163
202 162
201 161
200 160
221 31
222 32
223 33
224 34
224 35
171 29
172 28
173 27
174 26
29 86
28 87
27 88
26 89
25 89
89 34
88 33
87 32
86 31
85 30
114 111
113 112
112 113
111 114
110 114
114 136
113 137
112 138
111 139
110 139
106 91
107 92
176 14
177 13
178 12
44 164
43 163
42 162
41 161
31 29
32 28
33 27
34 26
35 25
49 71
48 72
47 73
46 74
46 75
71 74
72 73
73 72
74 71
75 70
119 39
119 38
119 37
96 74
97 73
98 72
99 71
29 111
28 112
27 113
26 114
25 114
49 126
48 127
47 128
46 129
46 130
159 56
158 57
157 58
156 59
155 60
159 124
158 123
157 122
156 121
155 120
114 144
113 143
112 142
111 141
110 140
11 139
12 138
94 164
93 163
119 164
118 163
156 146
157 147
224 39
223 38
224 81
223 82
196 14
197 13
198 12
201 131
202 132
203 133
129 89
128 88
127 87
126 86
11 114
11 113
11 112
11 111
11 110
69 144
68 144
67 144
66 144
65 144
69 164
68 164
67 164
66 164
65 164
136 56
136 57
136 58
136 59
136 60
136 124
136 123
136 122
136 121
136 120
156 74
157 73
158 72
159 71
159 70
156 106
157 107
158 108
159 109
159 110
159 89
158 89
157 89
156 89
155 89
164 164
163 164
162 164
161 164
160 164
224 104
224 103
224 102
224 101
224 100
11 11
12 12
14 164
13 163
59 91
58 92
224 161
223 162
101 91
102 92
103 93
104 94
31 146
32 147
33 148
34 149
35 150
106 31
107 32
108 33
109 34
109 35
181 59
182 59
183 59
184 59
185 59
199 29
198 28
46 24
47 23
48 22
49 21
26 51
27 52
28 53
29 54
29 55
176 144
177 143
178 142
179 141
180 140
11 161
12 162
29 59
28 58
44 11
43 12
44 159
43 158
86 11
87 12
149 34
148 33
181 136
182 137
204 51
203 52
224 31
223 32
196 21
197 22
198 23
199 24
199 25
29 89
28 88
39 151
38 152
46 46
47 47
49 49
48 48
51 84
52 83
64 14
63 13
71 109
72 108
74 74
73 73
74 99
73 98
89 14
88 13
109 39
108 38
114 14
113 13
114 64
113 63
114 114
113 113
121 94
122 93
124 34
123 33
139 14
138 13
146 31
147 32
151 89
152 88
156 56
157 57
156 124
157 123
159 74
158 73
159 106
158 107
181 81
182 82
181 106
182 107
184 84
183 83
184 109
183 108
201 54
202 53
201 111
202 112
203 113
29 64
28 63
27 62
26 61
154 34
153 33
152 32
151 31
181 131
182 132
183 133
184 134
34 129
33 128
32 127
31 126
30 125
89 109
88 108
87 107
86 106
85 105
84 104
83 103
82 102
81 101
80 100
79 100
78 100
77 100
76 100
75 100
10 15
110 15
135 15
163 12
162 13
161 14
160 15
188 12
187 13
186 14
185 15
184 15
183 15
182 15
181 15
180 15
179 15
178 15
177 15
176 15
175 15
213 12
212 13
211 14
210 15
209 16
208 17
207 18
206 19
205 20
204 21
203 22
202 23
201 24
200 25
200 75
200 100
40 158
40 157
40 156
17 148
18 147
19 146
20 145
21 145
22 145
23 145
24 145
25 145
26 145
27 145
28 145
29 145
30 145
205 55
12 37
13 38
14 39
15 40
16 41
17 42
18 43
19 44
20 45
21 46
22 47
23 48
24 49
25 50
186 130
187 130
188 130
189 130
190 130
191 130
192 130
193 130
194 130
195 130
196 130
197 130
198 130
199 130
200 130
176 36
177 37
178 38
179 39
180 40
181 40
182 40
183 40
184 40
57 88
58 87
59 86
60 85
61 84
62 83
63 82
64 81
65 80
66 79
67 78
68 77
69 76
70 75
74 119
73 118
72 117
71 116
70 115
70 114
70 113
70 112
70 111
70 110
67 143
68 142
69 141
70 140
70 139
70 138
70 137
70 136
70 135
70 134
70 133
70 132
70 131
86 60
87 60
88 60
89 60
183 58
182 57
181 56
180 55
180 54
180 53
180 52
180 51
180 50
180 49
180 48
180 47
180 46
180 45
219 55
218 55
217 55
216 55
215 55
214 55
213 55
212 55
211 55
210 55
209 55
208 55
207 55
206 55
65 163
65 162
65 161
65 160
65 159
65 158
65 157
65 156
65 155
65 154
65 153
65 152
65 151
65 150
65 149
65 148
65 147
65 146
65 145
149 29
148 28
147 27
146 26
145 25
144 24
143 23
142 22
141 21
140 20
139 19
138 18
137 17
136 16
144 70
143 70
142 70
141 70
140 70
144 110
143 110
142 110
141 110
140 110
219 80
218 80
217 80
216 80
215 80
214 80
213 80
212 80
211 80
210 80
209 80
208 80
207 80
206 80
205 80
12 58
13 57
14 56
15 55
16 54
17 53
18 52
19 51
20 50
21 50
22 50
23 50
24 50
12 87
13 88
14 89
15 90
16 90
17 90
18 90
19 90
20 90
21 90
22 90
23 90
24 90
25 90
12 112
13 113
14 114
15 115
16 115
17 115
18 115
19 115
20 115
21 115
22 115
23 115
25 115
95 159
95 158
95 157
95 156
95 155
95 154
95 153
95 152
95 151
115 163
115 162
115 161
115 160
115 159
115 158
115 157
115 156
115 155
115 154
115 153
115 152
115 151
115 150
115 149
115 148
115 147
115 146
115 145
134 144
133 143
132 142
131 141
130 140
129 139
128 138
127 137
126 136
125 135
124 135
123 135
122 135
121 135
120 135
119 135
118 135
117 135
116 135
115 135
160 145
161 145
162 145
163 145
164 145
165 145
166 145
167 145
168 145
169 145
170 145
171 145
172 145
173 145
174 145
175 145
10 164
10 163
10 162
10 161
10 160
203 123
202 122
201 121
200 120
200 119
200 118
200 117
200 116
200 115
200 114
200 113
200 112
200 111
200 110
84 31
83 32
82 33
81 34
80 35
79 36
78 37
77 38
76 39
75 40
74 40
73 40
72 40
71 40
187 103
188 102
189 101
190 100
191 100
192 100
193 100
194 100
195 100
196 100
197 100
198 100
199 100
162 163
163 162
164 161
165 160
166 159
167 158
168 157
169 156
170 155
171 154
172 153
173 152
174 151
175 150
175 149
175 148
175 147
175 146
134 86
133 87
132 88
131 89
130 90
104 70
103 70
102 70
101 70
81 89
82 88
83 87
84 86
85 85
86 84
87 83
88 82
89 81
90 80
91 79
92 78
93 77
94 76
95 75
99 105
98 105
97 105
96 105
195 20
26 64
27 63
28 62
29 61
30 60
30 85
26 116
27 117
28 118
29 119
30 120
30 121
30 122
30 123
30 124
10 136
10 137
10 138
10 139
10 140
125 31
125 32
125 33
125 34
125 35
155 88
155 87
155 86
155 85
155 84
155 83
155 82
155 81
155 80
155 79
155 78
155 77
155 76
155 75
225 99
225 98
225 97
225 96
225 95
225 94
225 93
225 92
225 91
225 90
225 89
225 88
225 87
225 86
225 85
224 140
223 140
222 140
221 140
220 140
219 140
218 140
217 140
216 140
215 140
214 140
213 140
212 140
211 140
55 99
55 98
55 97
55 96
55 95
55 94
55 93
55 92
55 91
55 90
224 10
223 10
222 10
221 10
220 10
219 10
218 10
217 10
216 10
215 10
71 104
72 103
73 102
74 101
90 119
90 118
90 117
90 116
90 115
90 114
90 113
90 112
90 111
71 56
72 57
73 58
74 59
75 60
75 61
75 62
75 63
75 64
75 65
75 66
75 67
75 68
75 69
155 64
155 63
155 62
155 61
155 116
155 117
155 118
155 119
180 139
180 138
180 137
180 136
180 135
140 66
140 67
140 68
140 69
140 114
140 113
140 112
140 111
11 16
12 17
13 18
14 19
15 20
15 21
15 22
15 23
15 24
15 25
15 26
15 27
15 28
15 29
31 54
32 53
33 52
34 51
35 50
36 50
37 50
38 50
39 50
40 50
41 50
42 50
43 50
44 50
45 50
35 130
54 20
53 20
52 20
51 20
159 14
158 13
157 12
155 10
154 10
153 10
152 10
151 10
150 10
149 10
148 10
147 10
146 10
145 10
109 16
108 17
107 18
106 19
105 20
105 21
105 22
105 23
105 24
105 25
105 26
105 27
105 28
105 29
105 30
134 16
133 17
132 18
131 19
130 20
129 21
128 22
127 23
126 24
125 25
125 26
125 27
125 28
125 29
125 30
201 74
202 73
203 72
205 70
205 69
205 68
205 67
205 66
205 65
205 64
205 63
205 62
205 61
205 60
201 99
202 98
203 97
205 95
205 94
205 93
205 92
205 91
205 90
205 89
205 88
205 87
205 86
205 85
225 35
187 78
188 77
189 76
190 75
191 75
192 75
193 75
194 75
195 75
196 75
197 75
198 75
199 75
171 31
172 32
173 33
174 34
175 35
31 84
32 83
33 82
34 81
35 80
36 79
37 78
38 77
39 76
40 75
41 75
42 75
43 75
44 75
45 75
110 115
106 90
107 90
108 90
109 90
174 14
173 13
172 12
170 10
90 56
90 57
90 58
90 59
135 76
135 77
135 78
135 79
135 80
135 81
135 82
135 83
135 84
135 85
118 38
117 37
115 35
114 35
113 35
112 35
111 35
110 35
45 130
41 21
42 22
43 23
44 24
45 25
10 39
10 38
10 37
10 36
10 35
10 64
10 63
10 62
10 61
10 60
10 89
10 88
10 87
10 86
10 85
11 141
12 142
13 143
14 144
15 145
15 146
15 147
15 148
15 149
15 150
94 165
93 165
92 165
91 165
90 165
119 165
118 165
117 165
116 165
115 165
156 145
157 145
158 145
159 145
225 39
225 38
225 37
225 36
225 81
225 82
225 83
225 84
194 14
193 13
192 12
190 10
201 129
202 128
203 127
205 125
129 90
128 90
127 90
126 90
125 90
124 90
123 90
122 90
121 90
10 114
10 113
10 112
10 111
10 110
69 145
68 145
67 145
66 145
69 165
68 165
67 165
66 165
65 165
135 56
135 57
135 58
135 59
135 60
135 124
135 123
135 122
135 121
135 120
160 70
160 110
159 90
158 90
157 90
156 90
155 90
164 165
163 165
162 165
161 165
160 165
225 104
225 103
225 102
225 101
225 100
19 10
18 10
17 10
16 10
15 10
10 11
10 12
10 13
10 14
59 90
58 90
57 90
225 161
225 162
225 163
225 164
225 165
101 90
102 90
103 90
104 90
105 90
31 144
32 143
33 142
34 141
35 140
36 139
37 138
38 137
39 136
40 135
41 134
42 133
43 132
44 131
181 60
182 60
183 60
184 60
185 60
58 143
59 144
60 145
61 145
62 145
63 145
64 145
186 40
187 40
188 40
189 40
200 29
200 28
200 27
200 26
30 55
50 81
50 82
50 83
50 84
50 85
209 139
208 138
207 137
206 136
205 135
94 10
93 10
92 10
91 10
90 10
119 10
118 10
117 10
116 10
115 10
144 10
143 10
142 10
141 10
140 10
169 10
168 10
167 10
166 10
165 10
194 10
193 10
192 10
191 10
200 103
200 102
200 101
205 59
205 58
205 57
205 56
205 84
205 83
205 82
205 81
11 159
12 158
13 157
14 156
15 155
15 154
15 153
15 152
15 151
30 59
30 58
30 57
30 56
44 10
43 10
42 10
41 10
40 10
85 11
85 12
85 13
85 14
150 34
150 33
150 32
150 31
181 134
182 133
183 132
184 131
185 130
204 50
203 50
202 50
201 50
225 31
225 32
225 33
225 34
195 19
195 18
195 17
195 16
195 15
61 35
62 35
63 35
64 35
75 46
75 47
75 48
75 49
70 55
75 124
75 123
75 122
75 121
75 120
96 149
97 148
98 147
99 146
100 145
101 144
102 143
103 142
104 141
105 140
106 140
107 140
108 140
185 134
185 133
185 132
185 131
191 39
192 38
193 37
194 36
195 35
196 34
197 33
198 32
199 31
200 30
200 78
200 77
200 76
30 89
30 88
30 87
30 86
39 150
38 150
37 150
36 150
46 45
47 45
48 45
49 45
50 49
50 48
50 47
50 46
51 86
52 87
53 88
54 89
64 15
63 15
62 15
61 15
70 109
70 108
70 107
70 106
75 74
75 73
75 72
75 71
76 99
77 98
78 97
79 96
80 95
80 94
80 93
80 92
80 91
80 90
89 15
88 15
87 15
86 15
110 39
110 38
110 37
114 15
113 15
112 15
111 15
114 65
113 65
112 65
111 65
114 115
113 115
112 115
111 115
120 94
120 93
120 92
120 91
124 36
123 37
122 38
121 39
120 40
139 15
138 15
137 15
136 15
146 30
147 30
148 30
149 30
151 90
152 90
153 90
154 90
155 56
155 57
155 58
155 59
155 124
155 123
155 122
155 121
160 74
160 73
160 72
160 71
160 106
160 107
160 108
160 109
181 80
182 80
183 80
184 80
181 105
182 105
183 105
184 105
185 84
185 83
185 82
185 81
185 109
185 108
185 107
185 106
200 54
200 53
200 52
200 51
201 109
202 108
203 107
205 105
30 64
30 63
30 62
30 61
181 130
182 130
183 130
184 130
36 130
37 130
38 130
39 130
40 130
41 130
42 130
43 130
44 130
238
120 90
140 70
140 110
90 60
90 110
40 10
65 10
90 10
15 10
115 10
140 10
165 10
190 10
215 10
205 55
205 80
205 105
210 150
40 160
15 150
225 35
110 35
10 35
180 85
185 130
185 165
110 90
175 35
225 165
110 140
55 90
65 35
75 120
65 145
75 70
185 60
225 60
65 165
150 30
155 60
155 120
225 125
225 85
10 60
10 85
10 110
90 165
115 165
135 145
140 165
160 145
10 165
45 50
205 125
45 130
85 30
90 145
185 105
35 25
160 165
135 85
110 65
80 90
110 115
200 25
25 65
25 90
25 115
10 135
125 30
155 90
225 100
200 160
35 165
225 140
50 105
225 10
45 75
70 105
95 125
100 70
200 50
70 55
160 70
160 110
180 140
135 60
135 120
10 15
35 150
30 55
115 60
30 125
180 45
60 15
85 15
160 15
110 15
135 15
200 75
200 100
145 35
180 110
205 165
220 30
50 45
115 85
185 80
170 30
30 85
90 35
115 110
115 135
70 130
95 105
105 90
175 15
45 165
30 30
50 70
70 75
95 50
135 75
135 105
205 145
120 40
95 75
30 110
50 125
160 55
160 125
60 30
115 145
40 20
10 40
10 65
10 90
10 140
95 165
120 165
155 145
225 40
225 80
195 15
200 130
130 90
10 115
70 145
70 165
135 55
135 125
155 75
155 105
160 90
165 165
225 105
195 155
20 10
10 10
15 165
60 90
225 160
100 90
30 145
105 30
180 60
40 155
55 140
185 40
200 30
45 25
25 50
175 145
50 80
210 140
95 10
120 10
145 10
170 10
195 10
200 105
205 60
205 85
10 160
30 60
45 10
45 160
85 10
150 35
180 135
205 50
225 30
195 20
15 30
50 20
55 40
70 30
70 40
75 50
75 125
95 150
180 30
185 135
190 40
200 150
200 80
30 90
40 150
45 45
50 50
50 85
65 15
70 110
75 75
75 100
90 15
110 40
115 15
115 65
115 115
120 95
125 35
140 15
145 30
150 90
155 55
155 125
160 75
160 105
180 80
180 105
185 85
185 110
200 55
200 110
30 65
155 35
180 130
35 130
